CHAINID,CLUSTER,SEQUENCE
2NC1_A,0,GGGGCUGAAGGAUGCCCAGAGAGAXXXXXXXXXXXXXXXXXXXXXUCUGGGGCCUCGGGAGAXXXXXXXXXXXXXXXXXXXXUCGAGGUUAAAAAACGUCUAGGCCCC
5CNR_A,1,GUCUACCCACCUCGCC
5CNR_B,2,AGAGGACGGCG
3MIJ_A,3,UAGGGUUAGGGU
2LU0_A,4,GGAAUAUGCUCAACGAAAGUGAAUCAGCUUCGGCUGAGAGCUAAGUUCC
7ECN_A,5,GGGCCCGGACCC
7ECN_B,6,GGGCCCGGACCC
5KPY_A,7,GGACACUGAUGAUCGCGUGGAUAUGGCACGCAUUGAAUUGUUGGACACCGUAAAUGUCCUAACACGUGUCC
1I9K_A,8,UCCCCC
2H1M_A,9,GCAXAGUUAAAUCUGC
2H1M_B,10,GCAXAGUUAAAUCUGC
2U2A_A,11,GGUCAGUGUAACAACUGACC
2N6T_A,12,GGGUAGAGUAUAAUUAGUCUUCGGACUUCCUUAUACUUAUCC
1K8S_A,13,GGCAGAGUGCCGC
1K8S_B,14,GCGGCACCUGCC
7Y2B_A,15,UUCUGCUGCUGAA
1ELH_A,16,UXUGCCUGGCGGC
1ELH_B,17,AACUGCCAGGCAU
2VAL_A,18,GCGGGAA
2VAL_C,19,UUCCCGC
7K16_P,20,GCAAGGUACGGCGAAAGCCGUAGGGGCUUGAGAACCCCCCCUCCCCACUC
1RNA_A,21,UUAUAUAUAUAUAA
1RNA_B,22,UUAUAUAUAUAUAA
5NDH_A,23,GXGGGGACGACCCCGC
7RWR_A,24,GGAUACACAAGAGUGAUUGAAACUAAGUCUGUGUAUCC
1Z2J_A,25,GGGAAGAUCUGGCCUUCCCACAAGGGAAGGCCAGGGAAUCUUCCC
3P59_A,26,CCGGAGGAACUACXG
3P59_B,27,CCGGCAGCCU
3P59_C,28,CCGGAGGAACUACXG
3P59_D,29,CCGGCAGCCU
3P59_E,30,CCGGAGGAACUACXG
3P59_F,31,CCGGCAGCCU
3P59_G,32,CCGGAGGAACXXCXG
3P59_H,33,CCGGCAGCCU
6VA3_A,34,CCGGCAGUGUG
6VA3_B,35,CACACGUCGG
6YML_A,36,GGUXACAACGGCUUCCUGGCGUGACC
2QH3_A,37,GGAGUGCCUUACUGUGGCACUCC
6XWJ_A,38,GGUGCCUAAUAUUUAGGCACC
1F9L_A,39,GGCGAAGUCGAAAGAUGGCGCC
2IXZ_A,40,GCUGUGCC
2GVO_A,41,GAGGUCGGGAUGGAUCUC
1E95_A,42,GCGGCCAGCUCCAGGCCGCCAAACAAUAUGGAGCAC
6K84_A,43,GGAGGAGGAGGAAGGAGGAGGAGGA
7REX_A,44,UGUGGUUCGCAACCAUCCCACAUAAAAAAACUAG
1ZZ5_A,45,GUGGUGAAGUCGCGG
1ZZ5_B,46,CGCGUCACACCACC
1ZZ5_C,47,GUGGUGAAGUCGCGG
1ZZ5_D,48,CGCGUCACACCACC
1JWC_A,49,GGCCCUUUUCAGGGCC
7JJU_A,50,GAACUAGCUCAGCAUACACGAGUUGCAAGCAUGGGAAGUUCAAGCCUCG
7JJU_B,51,GAACUAGCUCAGCAUACACGAGUUGCAAGCAUGGGAAGUUCAAGCCUCG
1NA2_A,52,GGGCUGUUUUUCUCGCUGACUUUCAGCCCC
1AFX_A,53,GGUGUGAACACC
2R1S_A,54,GCGUUXGAAACGC
2R1S_B,55,GCGUUXGAAACGC
1SAQ_A,56,GICGAGCC
1SAQ_B,57,GICGAGCC
5LQO_A,58,GXCGGACGGC
5LQO_B,59,GXCGGACGGC
6QIT_A,60,GCAGCAGC
6QIT_B,61,GCAGCAGC
7PTS_A,62,GGAACUUAUUCAUUAUACCCCUCAUUUUCGAGUGAGGCGGAUUAGAUUCGUCUGAUCGUAGUGGUGGUGGCUUGCUUCGGCGAGCCCGGCAGGCCUUCGGGCUUGCUCAGGGGUUCGCUCCUGAGAUUAUCAUCCAACCUCCAAGGAUGGUAAUCCGGCGUCGAUUGUAAGGUCUAAACAAUUGACGCACCACUACUACAGUCCCAACGACUGAGGGACUCGUCGACUCGGUUAAGAUCGGAAACCGGGUCGAGGUAUAGUGAAUGAGUUCCAAUUCUCCAUUUACGGCAUCUUGUGCGAACCGAUCACGCACGAGAUGGUCCUUACGGGGUGUCCCAACAGUCGAGGGGCACGCAGGAUGCCUAGAAUAGACCACUAGGUAUCCUCAGUGCGCCAUGCAAUGGAGGAGCAUGGUGCACUGCAGGGCUCCUGAAAAGGAGUCCUGGCAGAAGGGUUCGCCUUUCUCCCGUAGGGACGACUUUCUUUGAAAAAAGGAAGUCCCAGUUUGCUUCGGCGAACUCCGACUCUAGGAAACUAGGGUCGGGUAGAUGGAGAAUU
2RVO_A,63,GGCGCUUUGACACAAUCUACAUUGUAAAAGCGCC
2ES5_A,64,GGAGAGGCUCUGGCAGCUUUUCC
2M4W_A,65,GGAAUCGAAAGAUGUCC
6FZ0_A,66,AGGXGCAUUUGAACUGUAUUGUACGCCUUGCAXXXXGCAAAAGUACUAAAAA
7QTN_A,67,GGUAXUGCGXUACC
7QTN_B,68,GGUACUGCGXUACC
7KGA_A,69,GGGGGCCAGAUGUCAUGUCUCUCAAGCCUAGGAGACACUAGACACUCUGGACUAUCGGUUAGAGGAAACCCCCCCAAAAAUGUAUAGGC
2LX1_A,70,GACGAGUGUCA
2LX1_B,71,GACGAGUGUCA
6VEM_A,72,CCCCXGGG
6VEM_B,73,CCCCXGGG
1IKD_A,74,GGGGCUCUUCGGAGCUCCACCA
1C0O_A,75,GGGUCUUCGGGUCC
8QO3_A,76,AAGCUUUUGUGUCUUCAGCUUCCCUCUUCUCCUCGUGGGGUUCCGUUCCCGCGGUAGUGAGCCUGGUGUGGUUCCGCCCGCGCCAGUGAUGGAGGGUGCUUUAGGCACUAACAAGCUU
2GRW_A,77,GGACCUCUCGAAAGAGAUGUCC
2L8U_A,78,CCGCUGCGG
2L8U_B,79,CCGCUGCGG
4OJI_A,80,CCGCCXAACACUGCCAXXGCCGGUCCCAAGCCCGGAUAAAAGUGGAGGGGGCGG
5UED_A,81,GACUUAAGUCG
5UED_B,82,GACUUAAGUCG
3RG5_B,83,GCCCGGAUGAUCCUCAGUXGGUCUGGGGUGCAGGCUUCAAACCUGUAGCUGUUUAGCGACAGAXGUGGUUCAAUUCCACXCUUUCGGGC
1MIS_A,84,GCGGACGC
1MIS_B,85,GCGGACGC
8U3M_A,86,GGCAGAUCUGAGCCXXGGAGCUCUCUGCCXXXXXUUCG
7KUB_A,87,CUGCUCUACCUUCACCAUGCCAAGUGGUCCCAGGCUGCACCCAUGGCAGAAGGAGGGCAG
1OSW_A,88,GGAGGCGCUACGGCGAGGCUCC
1ZIG_A,89,GGGCGAGAGCCU
6VU1_A,90,GGGUCUCUCUUGUCGAGAGXXXXXXXXXXXXXXXXXXXXXXXXXXXGCAAGGAACCCACU
3BNN_C,91,GCGUCACCCCGGACAAGUCGC
3BNN_D,92,GCGUCACCCCGGACAAGUCGC
1DUH_A,93,CUCUGUUUACCAGGUCAGGUCCGGAAGGAAGCAGCCAAGGCAGA
5T3K_A,94,GGUGGUGAAGUCGCUGG
5T3K_B,95,CAGCGXCACACCACCC
2N4L_A,96,GGAAUAUUUUUGCUGUACUUUCUAUAGUGAAUAGAGUUAGGCAGGGAUAUUCC
2KX8_A,97,GGGAAAUGAGGCGCUGCAUGUGGCAGUCUGCCUUUCUUUCCC
1TFN_A,98,GGGACUGACGAUCACGCAGUCUAU
3P22_A,99,GCUGGGUUUUUCCUUCGAAAGAAGGUUUUUAUCCCAGUC
1K6H_A,100,GGCGUGUUCAGAAGAACGCGCC
1HWQ_A,101,GGUGCGAAGGGCGUCGUCGCCCCGAGCGCC
3NPQ_A,102,GGACGAGGAGCGCUGCAAGCGAGAGCCCAGGCUCGUCCGXXXAAACGGCGCUCA
8QO2_A,103,UUCUGCUGUUAACAGCUUUCAGCCAGGGACGUGUUGUAUCCUAGGCAGUGGCCCUCCCAUAGGUCACAAUGUCGAAGAUCAACAAAUACGGUCUCGAACUACACUGGGCUCCAGAAUUUCCAUGGAUGUUUGAGGACGCAGAGGAGAAGUUGGACAACCCUAGUAGUUCAGAGGUGGAUAUGAUUUGCUCCACCACUGCGCAAAAGCUGGAAACAGACGGAA
8BWT_A,104,GGCGUUUUCGCUUCGGCGUUUACGCC
2N2P_A,105,GCAUGUUUAGUGUCUAAACGGUU
6PK9_A,106,GGAGGGUAGACUCGCUCUCC
7ZJ4_A,107,GGAUACGUCUACGCUCAGUGACGGACUCUCUUCGGAGAGUCUGACAUCCGAACCAUACACGGAUGUGCCUCGCCGAACAGUCUACGGCGAGCUUAAGCGCUGGGGACGCCCAACGCAUCACAAAGACUGAGUGAUGAACCAGAAGUAUGGACUGGUUGCGUUGGUGGAGACGGUCGGGUCCAGUUCGCUGUCGAGUAGAGUGUGGGCUCCAUCGACGCCGCUUUAAGGUCCCCAAUCGUGGCGUGUCGGCCUGCUUCGGCAGGCACUGGCGCCGGGACCUUGAAGAGAUGAGAUUUCGAUCUCAUCUUUGGGUGUCUCUGGUGCUUGAGGGCCCUGUGUUCGCACAGGGCCGCUCACUGGGUGUGGACGUAUCC
1YMO_A,108,GGGCUGUUUUUCUCGCUGACUUUCAGCCCCAAACAAAAAAGUCAGCA
8CLR_A,109,GGCAGCUUGCUGCC
1I3Y_A,110,GGCUGGCXGUUCGCCAGCC
1QCU_C,111,CCCCCCCCCCC
1QCU_D,112,GGGGGGGGGGG
1LUX_A,113,CCAGAXUXAAGAUXUGG
2ET8_A,114,GCGUCACACCGGUGAAGUCGC
2ET8_B,115,GCGUCACACCGGUGAAGUCGC
6BGB_A,116,GCAGXCUUAAGUCUGC
6BGB_B,117,GCAGXCUUAAGUCUGC
1YFG_A,118,AGCGCCGUXXCGCAGXXGGAAGCGCXCAGGGCUCAUXACCCUGAUXXXXUCGGAUCGXAACCGXGCGGCGCUACCA
2V7R_A,119,GCGUUGG
2V7R_B,120,CCAACGC
1F85_A,121,GGCCUGAUAGGGUC
4RUM_A,122,GGAACUGAGCAGGCAAUGACCAGAGCGGUCAUGCAGCCGGGCUGCGAAAGCGGCAACAGAUGAUXACACGCACAUCUGUGGGACAGUUCCCAC
5UF3_A,123,GGACAUAAGGAAAACCUAUGUCC
3DIL_A,124,GGCCGACGGAGGCGCGCCCGAGAUGAGUAGGCUGUCCCAUCAGGGGAGGAAUCGGGGACGGCUGAAAGGCGAGGGCGCCGAAGGGUGCAGAGUUCCUCCCGCUCUGCAUGCCUGGGGGUAUGGGGAAUACCCAUACCACUGUCACGGAGGUCUCUCCGUGGAGAGCCGUCGGU
4U34_A,125,UAGCXCC
4U34_B,126,GGAGCUA
2KY0_A,127,GACGAGCGUCA
2KY0_B,128,GACGAGCGUCA
7D7W_A,129,GCUUCAACAACCCCGUAGGUGGGGACGAAAGUCAGCGCACCUACUGGAGCC
6CU1_A,130,GGUGGCUCXACAUUUGUUGCGGGUUCGAGACCCGUCAGAGCGAAAGCUCUGUAGCUCAAUGGUAGAGCGGUGUAGUCACC
7KGA_B,131,GGGGGCCAGAUGUCAUGUCUCUCAAGCCUAGGAGACACUAGACACUCUGGACUAUCGGUUAGAGGAAACCCCCCCAAAAAUGUAUAGGCU
2AP5_A,132,AGUGGXGCCGACCACUUAAAAACAACGG
1TLR_A,133,GGCCUAAGACUUCGGUUAUGGCC
3GS5_A,134,UCCCAGUCCACCGCGGUGAGAAGGG
4XNR_X,135,GGGAAGAUAUAAUCCUAAUGAUAUGGUUUGGGAGUUUCUACCAAGAGCCUUAAACUCUUGAUUAUCUUCCC
1QCU_A,136,GGGGGGGGGGG
1QCU_B,137,CCCCCCCCCCC
1MHK_L,138,CGAUCCUAGUGUGG
1MHK_S,139,CCAUGCGAACCG
8Q4O_A,140,CGGUAGCGGGUAUGGGUCCGGGU
2AP0_A,141,AGUGGXGCCGACCACUUAAAAACAACGG
4LVW_A,142,GGAGAGUAGAUGAUUCGCGUUAAGUGUGUGUGAAUGGGAUGUCGUCACACAACGAAGCGAGAGCGCGGUGAAUCAUUGCAUCCGCUCCA
1J4Y_A,143,GGGGAUUGAAAAUCCCC
4ZNP_A,144,GGGAUACAGGACUGGCGGAUUAGUGGGAAACCACGUGGACUGUAUCCGAAAAAAAGCCGACCGCCUGGGCAUC
8BTZ_A,145,GGAAUAUCGUCAUGGUGAUUCGUCACCAUGAGGCUAGAUCUCAUAUCUAGCGCUUUCGAGCGCUAGAGUCCUUAUCUAGCCGGUUUAUACUUUCGAGUGUGAACCCGAUAUUCCGCGGAUCACUAUGAGUCGUUCGCGGCUCAUAGUCCGGCUCAAAGGACAUCAUGGCCUGUUCGCAGGUUGUGAUUAUGAGUGAGCCGGGUAAGGCAUACCGUUCGCGGUAUGUCUUACGAUCCGC
7UGA_A,146,GGGUGUAGAAAAGUAAGGGAAACUCAAACCCCUUUCUACACCC
2GIO_A,147,GGCCAUCUUGCUCUUCGGAGGAUUUGGCC
6GMY_B,148,GUAAGCCGAG
7UQ6_A,149,CGGAAGUAGUUCAGUGGUAGAACACCGGGUGGAACCCCAGGAAACUGGCCCGGGUCGCGCGGGUUCGAGUCCCGUCUUCCGCUCC
8SCF_A,150,GCGUUUAUAUAACAUGAAAUAUAUAUACGC
2N6W_A,151,GGAAUUUAUGAGUACGUAGAGUAUAAUUAGUCUUCGGACUUCCUUAUACUUAUAUACUUAUAGAUUCC
2MTK_A,152,GGACCUCCCGUCCUUGGACGGUCGAGCGAAAGCUUGUGAUUGGUCCG
1RMN_A,153,GCGCUCUGAUGAGGCCGCAAGGCCGAAACUGCCGCAAGGCAGUCAGCGC
6UFG_B,154,GGGCCUAUAGCUCAGGCGGUUAGAGCGCUUCGCUGAUAACGAAGAGGUCGGAGGUUCAAGUCCUCCUAGGCCCGCCA
6N2V_A,155,GCUUGGGGAGUAGCCUGCUUUCGGAAACGAAAGCGCCUGUAUCAACAUACUCGGCGAAAGCCGUGGUGCAGGACCGAAAGGUCUGGCGAGACCAGGCC
6XWW_A,156,GGAAAUUAUAUUAAUUUCC
1IK1_A,157,GGUACUAUGUACCA
6UGG_B,158,GGAGCGGUAGUUCAGUCGGUUAGAAUACCUGCCUGUCACGCAGGGGGUCGCGGGUUCGAGUCCCGUCCGUUCCGCCA
1EBQ_A,159,GGUGGGCGCAGCUUCGGCUGCGGUACACC
1PBM_A,160,CGCGCG
1PBM_B,161,CGCGCG
7UME_A,162,GGCCGACAAGAACAGUUUCGAAUCGGCC
7OAX_A,163,GCUAGCUGGAGGGGCGCCAGUUCGCUGGUGGUUGGGUGCGGUCGGCUAGCC
1LPW_A,164,GGUGXAGUA
1LPW_B,165,UACUAACACC
1S9S_A,166,GGCGGUACUAGUUGAGAAACUAGCUCUGUAUCUGGCGGACCCGUGGUGGAACUGUGAAGUUCGGAACACCCGGCCGCAACCCUGGGAGAGGUCCCAGGGUU
7KUC_A,167,GGAGGAAGGAGCCUCC
2KZL_A,168,GGGAGUAAAGAUUGAGACAAGUAGGACUUCGGUCCGAAUACACUCAUGAACUCCC
4LX6_A,169,GGCUUCAUAUAAUCCGAAUGAUAUGGUUUCGGAGCUUCCACCAAGAGCCUUAAACUCUUGACUAUGAAGUC
1MFY_A,170,AGUAGAAACAAGGCUUCGGCCUGCUUUCGCU
5NDI_B,171,UUUGCAGGACGACCUGXAAA
7V9E_A,172,GGCXXXXAACCGGGGAGCC
2JXV_A,173,GGAGGUAGUAGGUCGAAAGACCAUUCUGCCUCC
2KU0_A,174,GGAGGAACUACUGUCUUCCUUCGGGUCGUGCAGCCUCC
2KBP_A,175,UAGGGUUAGGGU
28SR_A,176,GGCGUCAGGUCCGGAAGGAAGCAGCGCC
2NCI_A,177,GGACGUUAAAAGGCUUCGGCCUACGUCC
205D_A,178,GGACUUUGGUCC
205D_B,179,GGACUUUGGUCC
2M24_A,180,GGAGUAUGUAUUGGCACUGAGCAUACUCC
1XJR_A,181,GAGUUCACCGAGGCCACGCGGAGUACGAUCGAGGGUACAGUGAAUU
8UYJ_A,182,GGAGCAUCGUGUCUCAAGUGCUUCACGGUCACAAUAUACCGUUUCGUCGGGUGCGUGGCAAUUCGGUGCACAUCAUGUCUUUCGUGGCUGGUGUGGCUCCUCAAGGUGCGAGGGGCAAGUAUAGAGCAGAGCUCC
1MT4_A,183,GGCGUAACGUUGAAAAGUUACGCC
1QC0_A,184,UAGCGGUGC
1QC0_B,185,GCACCGCUAC
5V2R_A,186,CCAGAAACGGAUGGA
5V2R_B,187,CCAGAAACGGAUGGA
387D_A,188,UCCGAAGUGCAACGGGAAAAUGCACU
2G3S_I,189,GGCGUGCC
2G3S_J,190,GGCGUGCC
6JXM_B,191,GCGGAAGUAGUUCAGUGGUAGAACACCCGACAGACGAAGCGCUAAAACGUGGGAUUCUGUCGGGGGGUCGCGGGUUCGAGUCCCGUCUUCCGCUCCA
2M58_A,192,GAAGAAAGGGCUUCGGCCACUCAAACUACAGAGACGCCAGUCACUCAGAUAUCCUGGU
1AJU_A,193,GGCCAGAUXUGAGCCUGGGAGCUCUCUGGCC
2LBR_A,194,GGGGACUGUAXAXCCCC
1YLS_B,195,GGGXGAGGXCGUGCCGGCXCUXCGGAGCAAUACUCGGC
4QK9_A,196,CGCUGAAUUCCCUGAAGGGAAACGGGGGACCCAAUXXXXXGGGGUGAAUCCCACGUAAGUGGGUAGGGCUAGUCUCUUUCGGCCCGAACCCGUCAGCUAACCUCGUAAGCGUGGAAAGAGG
2FEY_A,197,GAGACUAUCGACAUUUGAUACACUAUUUAUCAAUGGAUGUCUC
1L3Z_B,198,GUAUACA
2MTJ_A,199,GGACCUCCCGUCCUUGGACGGUCGAGCGAAAGCUUGUGAUUGGUCCG
7EQJ_B,200,GGGUGAUUAGCUCAGCUGGGAGAGCACCUCCCUUACAAGGAGGGGGUCGGCGGUUCGAUCCCGUCAUCACCCACC
1FHK_A,201,GGCGGUGAAAUGCC
4P5J_A,202,AGCUCGCCAGUUAGCGAGGUCUGUCUCGACACGACAGAUAAUCGGGUGCAACUCCCGCCCCUCUUCCGAGGGUCAUCGGAACC
2DD2_A,203,GGUGAAGGCU
2DD2_B,204,GCCGAAGCC
7A9N_K,205,CUGGGCGG
7A9N_L,206,CCGCCUGG
8TQX_A,207,UGAUCUGGGCCCAGUAUCA
8TQX_B,208,UGAUCUGGGCCCAGUAUCA
1HS8_A,209,GCGUCAAUUCGCA
255D_A,210,GGACUUCGGUCC
5V3F_A,211,GUGCGAAGGGACGGUGCGGAGAGGAGAGCAC
6AAS_A,212,GGUAAGUGUACUGGAAAGUGCACUUGCC
4ZC7_A,213,GCGUCGUUCCGGAAAAGUCGC
4ZC7_B,214,GCGUCGUUCCGGAAAXGUCGC
4XW1_C,215,GCCUXCCUG
1ESH_A,216,GGUGCAUAGCACC
7EXY_A,217,UUGGUUUGAUUCCAAG
1ARJ_N,218,GGCAGAUCUGAGCCUGGGAGCUCUCUGCC
2M21_A,219,GGCGAUACACUAUUUAUCGCC
1FYP_A,220,GGCGUCGCACCUUCGGGUGAAGUCGCC
3IGI_A,221,UGUGCCCGGCAUGGGUGCAGUCUAUAGGGUGAGAGUCCCGAACUGUGAAGGCAGAAGUAACAGUUAGCCUAACGCAAGGGUGUCCGUGGCGACAUGGAAUCUGAAGGAAGCGGACGGCAAACCUUCGGUCUGAGGAACACGAACUUCAUAUGAGGCUAGGUAUCAAUGGAUGAGUUUGCAUAACAAAACAAAGUCCUUUCUGCCAAAGUUGGUACAGAGUAAAUGAAGCAGAUUGAUGAAGGGAAAGACUGCAUUCUUACCCGGGGAGGUCUGGAAACAGAAGUCAGCAGAAGUCAUAGUACCCUGUUCGCAGGGGAAGGACGGAACAAGUAUGGCGUUCGCGCCUAAGCUUGAACCGCCGUAUACCGAACGGUACGUACGGUGGUGUG
2M22_A,222,GGCAGAUCUGUAAUAGAACUGCC
1JP0_A,223,GGCGGUGCUGAGAUGCCCGUC
8TJV_A,224,GGGCGAUGAGGCCCGCCCAAACUGCCCUAUAUGGAUGCAGUUCACAGACUAAAUGUCGGUCGGGGAAGAUGUAUUCUUCUCAUAAGAUAUAGUCGGACCUCUCCUUAAUGGGAGCUAGCGGAUGAAGUGAUGCAACACUGGAGCCGCUGGGAACUAAUUUGUAUGCGAAAGUAUAUUGAUUAGUUUUGGAXXXXXXXXAAGUUAUCAGGCAUGCACCUGGUAGCUAGUCUUUAAACCAAUAGAUUGCAUCGGUUUAAAAGGCAAGACCGUCAAAUUGCGGGAAAGGGGUCAACAGCCGUUCAGUACCAAGUCUCAGGGGAAACUUUGAGAUGGCCUUGCAAAGGGUAUGGUAAUAAGCUGACGGACAUGGUCCUAACCACGCAGCCAAGUCCUAAGUAGGGCUGAUGGCCUCUACUG
1KOC_A,225,AGAAGGAGCGU
1KOC_B,226,ACAGGUAGGUCGCU
1S34_A,227,GGGGAGUGGUUUGUAUCCUUCCC
6CHR_A,228,GUGCGACAAGAAGUUCAGGAAGGGAUUGAGGUGAAAGUCCUCCUCCCGAAUCGUUCAUGGGAGAGUCUAUCCAGACUUGCGUAGCGAGUAAUCGCUAGGUGAGAAGCUCUGGAGACAAUGUACCUGCCCUUCAAUUGGAGGUGCCAGGGCUAGGCUUUGUUCCUAUGGCUAGCGAAAGCGAAUACAGGUUAUUAGGCGUCGUGAAAACAAAACUCUUUCGACAUAAGGGAGAGXXXXGUAGAUGAGUUACCCUCCUUUUUAUGGGGUAACUGAACGAUCAAUAUCUACCGGCGUAGACUGUGAGCCUAAAGGAAACGAAUGAAAGUGUCCCUUCCUGGGAACUUGGUAAGCCCAAUAGACUCCCUCUGGGAAACCAGAGGAGGAGUAAGAGCAAUCUUACUUAUCGUCUAGUGGGUAAAAGACAUAAUAGGAAGCAAAUGCUUGGUUGUAACGAUCGAGAUAGAAUCUGUUGAUUUAAGCUGAAAGGCUGCAGACUUAUUAAAUGGGUGUUCUGCUGUAUGGCGUUCGCGCCUAAGCAGCAGAAUGCGUGAGCCGUGUGCGAUGAAAGUCGCAAGCACGGUUCUGAUGGGGGGAAAACGAGAGAUCGUCUACCUAUCCAACUCAA
4KYY_A,229,UUCGGUUUUGAUCCGGA
4KYY_B,230,UUCGGUUUUGAUCCGGA
5G4T_A,231,GGCGAAGAACU
5G4T_B,232,GGGGAGCU
2NC0_A,233,GGGCUGAAGGAUGGAGAXXXXXXXXXXXXXXXXXXXXXXXXXXXXXXXXXXXXXXXXXXXXXXXXXXXXXXXXXXXXXXXXXXXXXXXXXXXXXXCGUCUAGGCCC
2LUN_A,234,GGGCAGUGAUGCUUCGGCAUAUCAGCCC
1TBK_A,235,GCGAGUUGACUACUCGC
1F7H_A,236,GGAAGUCCGGUCUUCGGACCGGCUUCC
6PRV_A,237,CCAGGAUGUUGGCUUAGAAGCAGCCAUCAUUUAAAGAAAGCGUAAUAGCUCACUGGU
7ECP_A,238,GGGCCCGGUCCC
7ECP_B,239,GGGCCCGGUCCC
2L8F_A,240,GUGAAGCCCGU
2L8F_B,241,CGGAGGACACU
1AKX_A,242,GGCCAGAUXUGAGCCUGGGAGCUCUCUGGCC
7QDU_A,243,GGGCACUUACCCUUUAGUGCGAAGGUUUCGACCUUCGAUCCAUUUGUUCGCAAAUGGGAUGAUCUUCGGAUCAUCCGCGUAGUCUGUUCAGUCGUUUCGACGACUGGCCCCACUUCGGUGGGGCCACGGUACUUAGAAGUGAACACUAAGUGUCGUGAACACCAUUUGGUUAACUGCUCAAACUAAAUGGUGAUGAGGGAAGGAAUGACCCUCAUCGGACUACGCGAUCCGAGUGAUGGGAAUGGCUGACCCAUCGCUCGGCACUGGAGGGUGAGUGCCCCUCAUUCGCAUAAGGGCCGACCCAGACAACAGCCAAGUUUGGGUCGGAGAUGCGAACAUUCCACGCAUCUGAACGGUUGAGAACUUACAAGGGCAAGAGCAGAGUCCUUGUAAGGGCUUUACACGUCAAGUUCACAGACGUGUAAGGCCCGUCGCCCUUCGGGGCGACGUUCACGGCAUUUCGAUGCCGUGCAGCCUGUUCGCAGGCUGCUUGACCGUUCCCCUGCCCUUUCGAGGGCAGACUACUCUUCGGAGUAGUCUUAUGUGAAUGAG
2L3E_A,244,GGCUUUUGCUCCCCGUGCUUCGGCACGGAAAAGCC
6UFG_A,245,GCAUCGAUCCGGCGAUCACCGGGGAGCCUUCGGAAGAACGGCCXXXXAGGCCCAGUAGAACCGAACGGGUUGGCCCGUCACAGCCUCAAGUCGAGCGGCCGCGCGAAAGCGUGGCAAGCGGGGUGGCACCGCGGCGUUCGCGCGAAAGCGUGGCGUCGUCCCCG
5XWG_A,246,CGCUXCGAAAAAGUC
7VNV_A,247,GGGCCXGXCXUCXAXCUGGUUAGGACXCCGCCXUXACAAGGCGGAGGXXXUGGGXXXXXGUCCCAGCGGGCCCACCA
2MIY_A,248,GXCUUGGUGCUUAGCUUCUUUCACCAAGCAUAUUACACGCGGAUAACCGCCAAAGGAGAA
6GZK_A,249,GGACGACUGAACCGAAAGGUUCUUGGCUGCUUCGGCAGAGGUACGUCC
2QH2_A,250,GGAGUGCCUGAGCUGUGGCACUCC
4CS1_A,251,GGCGAAGAACCGGGGAGCC
4J50_A,252,UUGGGCCAGCAGCAGGUCC
4J50_B,253,UUGGGCCAGCAGCAGGUCC
7Q82_A,254,CCACUGXGAGCUUC
7Q82_B,255,GGAAGCUCUGACCGACCCCCAGCC
7Q82_C,256,GCUGGGACAACUAGACAUACAGUG
3C3Z_A,257,CUXGCUGAAGUGCACACAGCAAG
3C3Z_B,258,CUXGCUGAAGUGCACACAGCAAG
6POM_A,259,GUUGCAGUGAGAGAAAGAAGUACUUGCGUUXACCUCAUGAAAGCGACCUUAGGGCGGUGUAAGCUAAGGAUGAGXACGCAACGAAAGGCAUUCUUGAGCAAUXXXAAAAAAGAGGCUGGGAXXXXXXUCUCAGCAACUAGGGUGGAACCGCGGGAXXXXUCUCGUCCCUA
7U8B_A,260,ACUUAAGUCG
7U8B_B,261,ACUUAAGUCG
8SXL_A,262,ACUUAAGUCU
8SXL_B,263,ACUUAAGUCU
3R4F_A,264,GGCGUGUAUGUGGGGAAACCCUGAUUGAGUUCAGCCCACAUACUUUGUUGAUGGUUGUCAAUCGCC
3RKF_C,265,GGCCAUAUAACUGCGUGGAUAUAGCACGCAGGUUUCUACCGGGCACUGUAAAUGUCCGACUAUGGUC
1D0U_A,266,GGGAUCACCAUUAGGGAUCUC
5BJO_E,267,GGCGCGAGGAAGGAGGXCUGAGGAGGUCACUGCGCC
413D_A,268,UGAGCUUCGGCUC
1Z7F_A,269,GCAGACUUAAAUCUGC
7SHX_A,270,GGACCCAUAACCCACCUAGACCCUAGCUUCGGCUAGAGGGUCAACGCGAAAGCGAGGCCGGGUGGGCGGGUACGUCCGCCCUGGGGAGGGGUCC
7ELQ_A,271,GAGUAGAAGCGUUCAGCGGCCGAAAGGCCGCCCGGAAAUUGCUCC
1SY4_A,272,GGUUCCCCUGCAUAAGGAUGAACC
2ZY6_A,273,GCCCGGAUAGUGUCCUUGGGAAACCGAGUCCGGGCACC
2GRB_F,274,GIGGU
4P43_A,275,GCGUCUCGUCGACGAAGUCGC
4P43_B,276,UUGCGUCUCGUCGACGAAGUCGC
1KKS_A,277,GGAAGGCCCUUUUCAGGGCCACCC
2LDL_A,278,GGAUCCAUUCGAUUAGUGAACGGAUCC
1HS1_A,279,GCGUUAACUCGCA
2EUY_A,280,GGCCUUAGGAAACAGUUCGCUGUGCCGAAAGGUC
3BBM_A,281,UCCCXGUCCACCG
3BBM_B,282,CGGUGAGAAGGGXGGCAGAGAAACACACGA
3BBM_C,283,UCGUGGUCCAUUACCUGCC
6N8F_A,284,CGCAGCUUACGC
6N8F_B,285,GCGUGCUUUGCG
1XWU_A,286,CGAAACAUAGAUUCGA
6DN2_X,287,GGAUCUUCGGGGCAGGGUGAAAUUCCCGACCGGUGGUAUAGUCCACGAAAGCU
6DN2_Y,288,GCUUUGAUUUGGUGAAAUUCCAAAACCGACAGUAGAGUCUGGAUGAGAGAAGAUUC
7LNE_A,289,ACUUAAGUC
7LNE_B,290,ACUUAAGUC
4E48_A,291,GCUGCUGCUGCUGCUGCUGC
4E48_B,292,GCUGCUGCUGCUGCUGCUGC
6R47_A,293,GGCCGUUCGGGCGGCCAUAAACAGCCCUCAGACCXGAAGCGUGGCGUUCC
3GLP_A,294,GCUGCUGC
3GLP_B,295,GCUGCUGC
1E4P_A,296,GUGCGAAGACGAAAGUCCGAGCGC
3GS5_C,297,GGCAGAGAAACACACGAUCGUGGUACAUUACCUGCC
3SKL_B,298,GCUUAUACAGGGUAGCAUAAUGGGCUACUGACCCCGCCUUCAAACCUAUUUGGAGACUAUAAGU
3ND4_A,299,AGAGAAGAUCUUCUCU
4QJH_F,300,GCAAUAAAGCGGUUACAAGCCCGCAAAAAUAGCAGAGUAAUGUCGCG
1RFR_A,301,GGCACUCUGGUAUCACGGUACCUUUGUGUC
1EBS_A,302,GGUGGGCGCAGCUUCGGCUGCGGUACACC
1AJF_A,303,GACAGGGGAAACUUUGUC
7DD4_A,304,GGUCUCUCUUCGGGGAACCCACUGCGAAAGUAGUGU
435D_C,305,UAGCCCC
435D_D,306,GGGGCUA
6HU6_B,307,GAGUGCCAGA
6HU6_F,308,CUGGUACUC
1P5N_A,309,GGCAGAAAGCGUCUAGCCAUGGCGUUAGUAUGCC
2KUU_A,310,GGCUUGAUUGUAUGUGUAAAUUAAUUCUUACACACUACAAAUUAAGCC
6GE1_A,311,UGGUGGU
1VOP_A,312,GACUGGGGCGGUC
2KP4_B,313,CCAUUAUAGC
3PHP_A,314,GGUUCCGAGGGUCAUCGGAACCA
6TFF_A,315,GGCUUCAACAACCCCGUAGGUUGGGCCGAAAGGCAGCGAAUCUACUGGAGCC
7ECO_E,316,GGGUCCGGUCCC
7ECO_F,317,GGGUCCGGUCCC
1UUD_B,318,GGCAGAUCUGAGCCUGGGAGCUCUCUGCC
2L8H_A,319,GGCAGAUCUGAGCCUGGGAGCUCUCUGCC
2JYH_B,320,GGGAUAUGGAAGAACCGGGGAAACUUGGUUCUUCCUAAGUCCU
2AWE_D,321,UXGUGU
1ME1_A,322,GGACXXXXGUCC
2RRC_A,323,GGACCCXCCACGGCGAGGUCCA
1JZV_A,324,GGCGACXG
1JZV_B,325,CAGUACGXC
6VA2_A,326,CCGGCAGUGUG
6VA2_B,327,CACACGUCGG
8SA3_A,328,GGUUAAAGCCUUAUGGUCGCUACCAUUGCACUCCGGUAGCGUUAAAAGGGAAGACGGGUGAGAAUCCCGCGCAGCCCCCGCUACUGUGAGGGAGGACGAAGCCCUAGUAAGCCACUGCCGAAAGGUGGGAAGGCAGGGUGGAGGAUGAGUCCCGAGCCAGGAGACCUGCCAUAAGGUUUUAGAAGUUCGCCUUCGGGGGGAAGGUGAACA
6MXQ_A,329,CUUCGGXXXXXXXXXXXXXXXXXXXXXXXXXXXXXXXXXXXXXXXXXXXXXXXXXXXXXXXXXXXXXXXXXXXXXXXXXXXXXXXXXXXXXXGGCAGUAUAGUCCGAACUGCAAXXXXXXXXXXXXXUUCACCUUCUCUCUAACUGCC
1BAU_A,330,GGCAAUGAAGCGCGCACGUUGCC
1BAU_B,331,GGCAAUGAAGCGCGCACGUUGCC
2K41_A,332,GUCGUGCUG
2K41_B,333,CAGCCGAC
2A43_A,334,GCGGCACCGUCCGCUCAAACAAACGG
7EAG_A,335,GUCUAUGAAGG
7EAG_B,336,CUGGAGAC
7EAG_C,337,GUCUAUGAAGGCUGGAGAC
7EAG_D,338,GUCUAUGAAGGCUGGAGAC
7EAG_E,339,GUCUAUGAAGGCUGGAGAC
7EAG_F,340,GUCUAUGAAGGCUGGAGAC
1YG4_A,341,AGUGGXGCCGACCACUUAAAAACACCGG
2RLU_A,342,GGUUGCGGGUCUCGCAACC
2LBL_A,343,GGGACCUUCCAAGUCUC
2OIU_Q,344,GGACCUCGGCGAAAGCCGUUCGACCAGCGAAAGCUCUUAGACAGGAGGUUAGGUGCUCCGAAAGGAGCACU
1CSL_A,345,AACGGGCGCAGAA
1CSL_B,346,UCUGACGGUACGUUU
2N3R_A,347,GCAGCAGGGAACUCACGCUUGCGUAGAGGCUAAGUGCUUCGGCACAGCACAAGCCCGCUGCG
5T83_A,348,AAGUUUGCUAGGGUUCCGCGUCAUAGGUGGUCUGGUCCAAGAGCAAACGGCUUUCACAAAGCCACACGGAAGGAUAAAAGCCUGGGAGAU
2KRW_A,349,CUCGGXUACGAACCGAG
5FJC_A,350,GCUUAUCAAGAGAGGGGGAGUGACUGGCGCGAAGAACCCCGGCAACCAGAAAUGGUGCCAAUUCCUGCAGCGGAAACGUUGAAAGAUGAGCCG
6Q8V_A,351,GGCGAAGXACCGGGGAGCC
3K1V_A,352,AGAGGUUCUAGCXXXXCCCUCUAUAAAAAACUAA
3P4C_A,353,GXAXUXG
3J2C_M,354,GCCCGCACAAGCGGUGGAGCAUGUGGUUUAAUUCGAUGCAACGCGAAGAACCUUACCUGGUCUUGACAUCCACGGAAGUUUUCAGAGAUGAGAAUGUGCCUUCGGGAACCGUGAGACAGGUGCUGCAUGGCUGUCGUCAGCUCGUGUUGUGAAAUGUUGGGUUAAGUCCCGCAACGAGCGCAACCCUUAUCCUUUGUUGCCAGCGGUCCGGCCGGGAACUCAAAGGAGACUGCCAGUGAUAAACUGGAGGAAGGUGGGGAUGACGUCAAGUCAUCAUGGCCCUUACGACCAGGGCUACACACGUGCUACAAUGGCGCAUACAAAGAGAAGCGACCUCGCGAGAGCAAGCGGACCUCAUAAAGUGCGUCGUAGUCCGGAUUGGAGUCUGCAACUCGACUCCAUGAAGUCGGAAUCGCUAGUAAUCGUGGAUCAGAAUGCCACGGUGAAUACGUUCCCGGGCCU
1RHT_A,355,GGGACUGACGAUCACGCAGUCUAU
2A0P_A,356,CCXCGGGG
2A0P_B,357,CCXCGGGG
8SX6_A,358,ACUUAAGUCG
8SX6_B,359,ACUUAAGUCG
5SWD_B,360,GGGAAGAUAUAAUCCUAAUGAUAUGGUUUGGGAGUUUCUACCAAGAGCCUUAAACUCUUGAUUAUCUU
6XRQ_B,361,GGCUCGGCGGCGGA
486D_C,362,GCGGAUUUAXCUCAGXXGGGAGAGCXCCCGCXUGUCXCGUGGGAGXUCXUGUGXXCGXUCCACAGAAUUCGC
1M5L_A,363,GCGCAGGACUCGGCUUCUUCGGAAGGGACGAGGGGCGC
2KRL_A,364,GGACGGUGGCAGCACUGUCUAGCUGCGGGCAUUAGACUGGAAAACUAGUGCUCUUUGGGUAACCACUAAAAUCCCGAAAGGGUGGGCUGUGGUGACCCUCCG
2OIU_P,365,GGACCUCGGCGAAAGCCGUUCGACCAGCGAAAGCUCUUAGACAGGAGGUUAGGUGCUCCGAAAGGAGCACU
2LK3_A,366,GGCUUAGAUCAGAAAUGAUCAGCC
6IA2_A,367,AGAGAACCCGGAGUUCCCU
6IA2_B,368,AGAGAACCCGGAGUUCCCU
3NJ7_C,369,GGCAGCAGCC
3NJ7_D,370,GGCAGCAGCC
1Z30_A,371,GGCGUUCGUUAGAACGUC
5K8H_A,372,AA
1ZCI_A,373,CXUGCUGAAGUGCACACAGCAAG
1ZCI_B,374,CXUGCUGAAGUGCACACAGCAAG
1QC0_C,375,GCACCGUUGGUAGCGGUGC
1QC0_D,376,GCACCGCUACCAACGGUGC
7UMC_A,377,GGAGUGGUUAGUCUACGUGGACCGACAAGACUUCGGUCGAAUCGGAAGGAAACUUAACGUAGUUCUAACC
2D1B_A,378,GGGUCGGCUUGCUGAAGUGCACACGGCAAGAGGCGACCC
2OJ7_A,379,GCUGUUGU
2KF0_A,380,GGUUCCCCUGCAUAAGGAUGAACC
1YN2_A,381,GCGAGUUGACUACUCGC
6DVK_H,382,GUUGAUAUGGAUUUACUCCGAGGAGACGAACUACCACGAACAGGGGAAACUCUACCCGUGGCGUCUCCGUUUGACGAGUAAGUCCUAAGUCAACA
3KNC_B,383,CGCUACGC
2MIS_A,384,GAGCUGCAGCACGAAAGUGACGGCUC
2N8V_X,385,GGAACAGCUGUACUGGGCAGUUACAGCAGUCGUAUGGUAACACAUGCGGCGUUCCGAAAUACCAUGCCUG
2M5U_A,386,GGCAGAUUCUGGUGAAUCUGCC
3E5C_A,387,UUCCCGAAAGGAUGGCGGAAACGCCAGAUGCCUUGUAACCGAAAGGGGGAAU
1A60_A,388,GGGAGCUCAACUCUCCCCCCCUUUUCCGAGGGUCAUCGGAACCA
1H0Q_B,389,GCAUAUCAG
7MLW_F,390,GGAUCGCUAGGGUUCCGGUCGUGCGGCGUXXXCGCCGCACGAUGCUGGUCCGAGAGCAAUCCGGUCUUGCCUUCGCCUCGUUCGCGAGGAAACGGCGAGGCUCCACGGAGGGAUAAAAGCCCGGGAGG
3CJZ_A,391,GGACGXACGUCCU
3CJZ_B,392,GGACGXACGUCCU
6E8U_B,393,GUACGAAGGAAGGUUUGGUAUGGGGUAGUUGUCGUAC
2LUB_A,394,GGGUGAAACGGAGGACUUCGGUCCUCAAGUUUCACCC
2LJJ_A,395,GGCCUCAGCACUACCCCAGUGUAGGUC
1EI2_A,396,GGCAGUGUGAGUACCUUCACACGUC
1I4C_A,397,GGUGCUUAGCACC
4E6B_A,398,CGCG
4E6B_B,399,CGCG
3IVN_A,400,GGCCAGUAUAACCUCAAUGAUAUGGUUUGAGGGUGUCUACCAGGAACCGUAAAAUCCUGACUACUGGUC
2IXY_A,401,GGCCUCCAAGCUGUGCCUUGGGUGGCC
1YZD_A,402,GCAGAXUUAAGUCUGC
1YZD_B,403,GCAGAXUUAAGUCUGC
4GMA_Z,404,UUAAAGCCUUAUGGUCGCUACCXXXXXXXXCCGGUAGCGUUAAAAGGGAAGACGGGUGAGAAUCCCGCGCAGCCCCCGCUACUGUGAGGGAGGACGAAGCCCUAXXXAGCCACUGCCGAAAGGUGGGAAGGCAGGGUGGAGGAUGAGUCCCGAGCCAGGAGACCUGCCAUAAGGUUXXXXXAGUUCGCCUUCGGGGGGAAGGUGAACA
2K7E_A,405,GCGGUGUAAAAG
2K7E_B,406,CUXUUAAXCUGC
1TOB_A,407,GGCACGAGGUUUAGCUACACUCGUGCC
1BJ2_A,408,GGCAACGGAUGGUUCGUUGCC
1BJ2_B,409,GCACCGAACCAUCCGGUGC
1SLO_A,410,UUACCCAAGUUUGAGGUAA
2LAC_A,411,GGGGACUGUAAAUCCCC
8I3Z_A,412,AGAGCGUUGCGUCCGAAAGUXGCC
8I3Z_B,413,GCGACACGGCUCUUUAAAAACAAAAGGAGAA
4RC0_A,414,CGCGAAUUXXCG
6HMO_A,415,AUACXXACCUG
6HMO_B,416,GGAGUAAGUCU
4IQS_E,417,GUGXACAC
4K31_B,418,UGCGUCGUUCCGGAAAAGUCGC
4K31_C,419,UGCGUCGUUCCGGAAAAGUCGC
4E6B_E,420,GCGC
4E6B_F,421,GCGC
7U4A_A,422,GUCAGGCCGGCGAAAGUCGCCACAGUUUGGGGAAAGCUGUGCAGCCUGUAACUCUCCCACGAAAGUGGGU
5BTM_A,423,UAUUCUAUCGGCUAAGGAUGAAAGUCUAUGCCGAUUCUAUUCU
2D17_A,424,CGGCAAGAGGCGACCC
2D17_B,425,GGGUCGGCUUGCUG
7MKT_A,426,GUGUGUGUGUGUGUGUGUGUGUG
5IEM_A,427,GGGAUCUGUCACCCCAUUGAUCGCCUUCGGGCUGAUCUGGCUGGCUAGGCGGGUCCC
4GXY_A,428,GCGGCAGGUGCUCCCGACXXXXXXGUCGGGAGUUAAAAGGGAAGCCGGUGCAAGUCCGGCACGGUCCCGCCACUGUGACGGGGAGUCGCCCCUCGGGAUGUGCCACUGGCCCXXXGGCCGGGAAGGCGGAGGGGCGGCGAGGAUCCGGAGUCAGGAAACCUGCCUGCCGU
7Q80_D,429,CCACUGXGAGCUUC
7Q80_E,430,GGAAGCUCUGACCGACCCCCAGCC
7Q80_F,431,GCUGGGACAACUAGACAUACAGUG
1MWG_A,432,GGCAGGCC
1MWG_B,433,GGCAGGCC
486D_A,434,UCCGUGAUAGUUXAAXGGXCAGAAUXCCAGAXUGAAXAUXUGGAGAXUXGGGGXXCAAUUCCCCGUCGCGGAGCC
6HYK_A,435,GGCACGGUGAUGACCUUCGGGUCUGAGUGCC
3P4C_B,436,GXAXUXG
1ZIF_A,437,GGGCGAAAGCCU
7FJ0_A,438,GGAUGCUUACUCAGCGAUCC
3LA5_A,439,GGCUUCAUAUAAUCCGAAUGAUAUGGUUUCGGAGCUUCCACCAAGAGCCUUAAACUCUUGACUAUGGAGUC
4JRT_A,440,GGGUGGUGCGGG
4JRT_B,441,CCUGCACUGCCC
4YAZ_R,442,GUACACGACAAUACUAAACCAUCCGCGAGGAUGGGGCGGAAAGCCUAAGGGUCUCCCUGAGACAGCCGGGCUGCCGAAAUAUC
6E1S_A,443,CUGGGUCGCAGUNNCCCCAGUUAACAAAACAAG
1IHA_A,444,GCUUCGGC
1IHA_B,445,GCUUCGGC
8VCI_A,446,GGGAACCCAUGCUUCAGUCAGCUGAUGCACAAUCGUUUUUAAACGGGUUUCCGGUGUAAGUGCAGCCCGUCUUACACCGUGCGGCACAGGCACUAGUACUGAUGUCGUAUACAGGGCU
1L2X_A,447,GCGCGGCACCGUCCGCGGAACAAACGG
3J2C_O,448,UGUACACACCGCCCGUCACACCAUGGGAGUGGGUUGCAAAAGAAGUAGGUAGCUUAACCUUCGGGAGGGCGCUUACCACUUUGUGAUUCAUGACUGGGGUGAAGUCGUAACAAGGUAACCGUAGGGGAACCUGCGGUUGGAUCA
2MXJ_A,449,CCAGAAACGGA
397D_A,450,GGCCAGAUCUGAGCG
397D_B,451,GCUCUCUGGCCC
6XRZ_A,452,GUUUUUAAACGGGUUUGCGGUGUAAGUGCAGCCCGUCUUACACCGUGCGGCACAGGCACUAGUACUGAUGUCGUAUACAGGGCUUUUG
8TJX_A,453,AUAUGGAUGCAGUUCACAGACUAAAUGUCGGUCGGGGAAGAUGUAUUCUUCUCAUAAGAUAUAGUCGGACCUCUCCUUAAUGGGAGCUAGCGGAUGAAGUGAUGCAACACUGGAGCCGCUGGGAACUAAUUUGUAUGCGAAAGUAUAUUGAUUAGUUUUGGAGXXXXGAAAAGUUAUCAGGCAUGCACCUGGUAGCUAGUCUUUAAACCAAUAGAUUGCAUCGGUUUAAAAGGCAAGACCGUCAAAUUGCGGGAAAGGGGUCAACAGCCGUUCAGUACCAAGUCUCAGGGGAAACUUUGAGAUGGCCUUGCAAAGGGUAUGGUAAUAAGCUGACGGACAUGGUCCUAACCACGCAGCCAAGUCCUAAGU
1S2F_A,454,GGGGAGUGGUUUGUAUCCUUCCC
2AWQ_A,455,GGGGAXUGAAAAUCCCC
6XRQ_A,456,GGCUCGGCGGCGGA
7PTL_A,457,GGGAGAGUACUAUUCAGAUGCAGACCGCAAGUUCAGAGCGGUUUGCAUCUAGGGUACGUUUUCGAACGUAUCCUCCGACUAAGUGUAUUCGUAUACUUAGUGCCUUGUGCCUGCUUCGGCAGGCAUGACCCAAAUGUGCCUUUCGGGGCACAUUUCCGGUCAUCCAAGUUCGCUUGGGUGAUGCGGGCGUAUAGGUUCGUCUAUACGUCCGCGUUUUCCGAGAAGAGGUAACUCGGGAAACCGGUCCACGUGACAAAGGUAGAGUUACGUGGAGGGAGCAGCUGCAAAGGGAUAAUGCAGUUGCUGGCUGGAUGCCAGAACUCACGACUGGCAUCUACGGGGAUGGUGCUCUCCCAAUUCUCCAUUUACCGCCGAAUCGACCCCAACGUGAGAGGGGUCGGUUCCCCGAGCAUAGACCAAUAUCCCAGGUUUAUGCUCCCCAACGCUGGACGAACUACCUACGUCUAGCGUUCCGGCAAAUGAGUCAAUACCUCAGACUUAUUUGCGGUGCCUGAGCCUAAACUGAACAUGGGUUCAGGCAUCUUGGCUCCAGUUCGCUGGAGCCGACGGUAGCGCUGCGUUCGCGCAGUGCUAGGGAGCAUCCGUUUUCGAGCGGAUGCUGGGCGGUUGCCUGUUCGCAGGCAAUCGGGCCUACUCAUGAUUCGUCAUGAGUGGUGACAGCGUGAUGUUCGCAUUACGCUGUCGGGUAGAUGGAGAAUU
2KY1_A,458,GACUAGAGUCA
2KY1_B,459,GACUAGAGUCA
1Q75_A,460,GGCUCUCAGUGAGCC
4U35_A,461,UAGCXCC
4U35_B,462,GGUGCUA
4K27_U,463,GCCCCUGCCUGCCUGCAGCUAAGGAUGAAAGUCUAUGCUGCCUGCCUGCCUGGGC
3DHS_A,464,GUUAAUCAUGCUCGGGUAAUCGCUGCGGCCGGUUUCGGCCGUAGAGGAAAGUCCAUGCUCGCACGGUGCUGAGAUGCCCGUXXXXXXXXXXXXXXXXXXXXXXXXXXXXXXXXXXXXXXXXXXXXXXXXXXXXXXXXXXXXXXXXXXXXXXXXXXXXXXXXXXXXXXXXXXXXXXXXXXXXXXXXXXXXXXXXXXXXXXXXXXXXXXXXXXXXXXXXXXXXXXXXXXXXXXXXXXXXXXXXXXXXXXXXGCGAGAAACCCAAAXXXXXXXAGGGGCACCUUCCCGAAGGAAAUGAACGGAGGGAAGGACAGGCGGCGCAUGCAGCCUGUAGAUAGAUGAUUACCGCCGGAGXXXXXXXXXXXXXXXXXXXXXXXXUACGAAGGUACAGAACAUGGCUUAUAGAGCAUGAUUAAC
2LQZ_A,465,GGACUUCCAUUGCUUCGGCAAAAGUCC
7LVA_A,466,GGCUCUGGUAACUAGAGAUCCCUCAGACCCUUUUAGUCAGUGUGGAAAAUCUCUAGCAGUGGCGCCCGAACAGGGACUUGAAAGCGAAAGUAAAGCCAGAGCC
1F5H_A,467,GCAGGCGUGC
1F5H_B,468,GCAGGCGUGC
8CQ1_A,469,GGGUGUGGCUGUCACUCGGCUGCAUGCUUAGUGCACUCACGCCC
1A4D_A,470,GGCCGAUGGUAGUGUGGGGUC
1A4D_B,471,UCCCCAUGCGAGAGUAGGCC
283D_A,472,GGCCGAAAGGCC
4A4R_A,473,GACCCGGCUAACGCUGGGUCC
8CLM_A,474,GUCUCCUAG
1I9X_A,475,UACUAACGUAGUA
1I9X_B,476,UACUAACGUAGUA
2GM0_A,477,GACGGCUUGCUGAAGCGCGCACGGCAAGAGGCGUC
2GM0_B,478,GACGGCUUGCUGAAGCGCGCACGGCAAGAGGCGUC
3CZW_X,479,UGGUCUGAUGAGGCC
2N2O_A,480,GCAUGUUUUCUGUGAAAACGGUU
6E8T_D,481,GUACGAAGGAXGGUUUGGUAUGUGGUAUAUUCGUAC
2KD4_A,482,GCCGCGGC
2KD4_B,483,GCCGCGGC
2V6W_A,484,GGAGAGA
2V6W_B,485,UCUCUCC
2LHP_A,486,GGGUGAAAUGGAGGACUUCGGUCCUCAAAUUUCACCC
1KFO_A,487,GAAUGCCUGCGAGCAXCCC
1HS3_A,488,GCGUUAAUUCGCA
3SJ2_A,489,UUGGGCCGGCGGCGGGUCC
3SJ2_B,490,GGGCCGGCGGCGGGUCC
7OUO_A,491,UCGUGCGA
7OUO_B,492,UCGUGCGA
8HBA_A,493,CGCGGCGUUGCGUCCGAAAGUCXXXXXXGACACGGCCGCUUAAAAACAAAAGGAGA
1DQH_A,494,GCCACCCUG
1DQH_B,495,CAGGGUCGGC
1KOD_A,496,AGAAGGAGUGU
1KOD_B,497,ACGGUUAGGUCGCU
7JRT_A,498,GGAUAUUCGACGGAGGCACCCAGGAACUACCGUUGAAGCUCGCACGACGGCCUGGGGUCGAGUAUCCCGGUAUUUGUCGCGAGCACUGAGGAACUACUGCUGAAGCCUCCACGGCAGCCUCAGGACAAGUACCG
4JRD_B,499,AAAAAAAAAAA
3SZX_A,500,UUGGGCCUGCUGCUGGUCC
3SZX_B,501,UUGGGCCUGCUGCUGGUCC
1U9S_A,502,GGUGCCAGGUAACGCCUGGGCGGGGUAACCCGACGGAAAGUGCCACAGAGAAGAGACCGCCAGCGGCCGGGGXXXXCCCCGGUGCGGGCAAGGGUGAAACGGCGGGGUAAGAGCCCACCGCCUGGCCUGGCAACAGGCCGGGGCACGGCAAACCCCACC
6P2H_A,503,GGUGUAAUCUCCAAAAUAUGGUUGGGGAGCCUCCACCAGUGAACCGUAAAAUCGCUGUCACCACCCAG
2L1F_B,504,GGCGGACCCGUGGUGGAACAGACGUGUUCGGAACACCCGGCCGCAACCCUGGGAGACGUCCCAGGG
4FRG_B,505,GGCCUAAAAGCAUAGUGGGAAAGUGACGUGAAAUUCGUCCAGAUGCGAAAGCAUACGGUUAUACUCCGAAUGCCACCUAGGCCA
5L00_A,506,ACUUAAGUCGG
5L00_B,507,ACUUAAGUCGG
1QBP_A,508,UGXXAGUUCGCUGGC
1QBP_B,509,UGXXAGUUCGCUGGC
1I4B_A,510,GGUGCUUAGCACC
4C4Q_N,511,GACUAGCCGUAGUGGCGAGCUCCCUGGGUGGUCUAAGUCCUGAGUACAGGACAGUCGUCAGUAGUUCGACGUGAGCACUAGCCCACCUCGAGAUGCUACGUGGACGAGGGCAUGCCCAAGACACACCUUAACCCUGGCGGGGGUCGCUAGGGUGAAAUCACAUUAUGUGAUGGGGGUACGACCUGAUAGGGUGCUGCAGAGGCCCACUAGCAGGCUAGUAUAAAAAUCUCUGC
4MGN_B,512,CGGAAGUAGUUCAGUGGUAGAACACCACCUUGCCAAGGUGGGGGUCGCGGGUUCGAGUCCCGUCUUCCGCU
2PCV_A,513,GGACCCGCCACUGCAGAGAUGCAAUCCAGUGGUCC
6IZP_A,514,GUACUGGAACAUGUUUCAUGUGGAAGUAC
1JO7_A,515,AGUAGAAACAAGGCUUCGGCCUGCUUUUGCU
2KPD_A,516,UGAGCUCAGUUUGCUCA
3S49_E,517,GUAUAXAC
3S49_F,518,GUAUAXAC
3IZD_A,519,GGUCGGGUAGUGAGGGCCUUGGUCAGACGCAGCGGGCGUGCUUGUGGACUGCUUGGUGGGGCUUGCUCUGCUAGGCGGACUACUUGCGUGCCUUGUUGUAGACGGCCUUGGUAGGUCUCUUGUAGACCGUCGCUUGCUACAAUUAACGAUC
8TJU_A,520,GGCAAGGUACGGCAUAUGGAUGCAGUUCACAGACUAAAUGUCGGUCGGGGAAGAUGUAUUCUUCUCAUAAGAUAUAGUCGGACCUCUCCUUAAUGGGAGCUAGCGGAUGAAGUGAUGCAACACUGGAGCCGCUGGGAACUAAUUUGUAUGCGAAAGUAUAUUGAUUAGUUUUGGAGXXXXXXXAAGUUAUCAGGCAUGCACCUGGUAGCUAGUCUUUAAACCAAUAGAUUGCAUCGGUUUAAAAGGCAAGACCGUCAAAUUGCGGGAAAGGGGUCAACAGCCGUUCAGUACCAAGUCUCAGGGGAAACUUUGAGAUGGCCUUGCAAAGGGUAUGGUAAUAAGCUGACGGACAUGGUCCUAACCACGCAGCCAAGUCCUAAGUGCCGUAGGGGCUUGAGAACCCCCCCUCCCCACUC
5KVJ_A,521,CCAUCCUCUACAGGCG
5KVJ_B,522,CGCCUGUAGAGGAUGG
2LI4_A,523,GGACCGAUAAGGUAGAAAUGCCUUAUCGGUCC
5BTP_B,524,GUUAUAUGACUGACGGAACGUGGAAUUAACCACAUGAAGUAUAAXXXXXXXXAUGCCGACCGUCUGGGCG
6UFM_B,525,GGCGACGAUCCGGCCAUCACCGGGGAGCCUUCGGAAGAACGGCGCCGCCGGAAACGGCGGCGCUCAGUAGAACCGAACGGGUGAGCCCGUCACAGCUC
4RGE_C,526,UUUUXAAUGAAGCCACAGGCCUGUGAGGGUCCUAAGCCCCUAAUUCAGAAGGGAA
6WLJ_A,527,GGCGAUAUGGCAUGGAAUCAGCUCAAGGAACUGUGAACGUAUAUCGGGCAACGACUAGGAAACUAGUCGUUGGGAAGAAACUGCCGAUAUACGGGAGUUCCUUGAGCGGGAGAUUCCAUGCCUAAGUCGC
486D_E,528,UCCGUGAUAGUUXAAXGGXCAGAAUGGGCGCXUGUCXCGUGCCAGAXUXGGGGXXCAAUUCCCCGUCGCGGAG
1UTS_B,529,GGCAGAUCUGAGCCUGGGAGCUCUCUGCC
2N7M_X,530,GGCCUUAUGCACGGGAAAUACGCAUAUCAGUGAGGAUUCGUCCGAGAUUGUGUUUUUGCUGGUGUAAAUCAGCAGUUCCCCUGCAUAAGGCU
2A64_A,531,GUUAAUCAUGCUCGGGUAAUCGCUGCGGCCGGUUUCGGCCGUAGAGGAAAGUCCAUGCUCGCACGGUGCUGAGAUGCCCGUAGUGUUCGUGCCUAGCGAAUCCAUAAGCUAGGGCAGCCXXXXXXXXXXXXGGCUGACGGCGGGXXXXXXXXXXXXXXXXXXXXXXXXXXXXXXXXXXXXXCCCUGAAAGUGCCXXXXXXXXXXXXXXXXXXXXXXXXXXXXXXXXXXXXXXXXXGGUAAACCCCACGAGCGAGAAACCCAAAXXXXXXUAGGGGCACCUUCCCGAAGGAAAUGAACGGAGGGAAGGACAGGCGGCGCAUGCAGCCUGUAGAUAGAUGAUUACCGCCGGAGUACXXXXXXXXXXXXXXXXXXXXGUACGAAGGUACAGAACAUGGCUUAUAGAGCAUGAUUAAC
1ZC5_A,532,GGCGAUCUGGCCUUCCUACAAGGGAAGGCCAGGGAAUUGCC
6VA4_A,533,CCGGCAGUGUG
6VA4_B,534,CACACGUCGG
1A9L_A,535,GGGUGACUCCAGAGGUCGAGAGACCGGAGAUAUCACCC
2JTP_A,536,GGAUGGGGAAAGAAGCCCCGCAAUUUCCCCAUCC
2OE5_A,537,GGXXXXXXXXXXACCGXXXXXXXXXXXXXXXXXXXXXXXXXXXXXXXXXXXXXXXXXXXXXXXXXXXXXXXXXXXXXXXXXXXXXXXXXXXXXXXXXXXXXXXXXXXXXXXXXXXXXXXXXXXXXXXXXXXXXXXXXXXXXXXXXXXXXXXXXXXXXXXXXXXXXXXXXXXXXXXXXXXXXXXXXXXXXXXXXXXXXXXXXXXXXXXXXXXXXXXXXXXXXXXXXXXXXXXXXXXXXXXXXXXXXXXXXXXXXXXXXXXXXXXXXXXXXXXXXXXXXXXXXXXXXXXXXXXXXXXXXXXXXXXXXXXXXXXXXXXXXXXXXXXXXXXXXXXXXXXXXXXXXXXXXXXXXXXXXXXXXXXXXXXXXXXXXXXXXXXXXXXXXXXXXXXXXXXXXXXXXXXXXXXXXXXXXXXXXXXXXXXXXXXXXXXXXXXXXXXXXXXXXXXXXXXXXXXXXXXXXXXXXXXXXXXXXXXXXXXXXXXXXXXXXXXXXXXXXXXXXXXXXXXXXXXXXXXXXXXXXXXXXXXXXXXXXXXXXXXXXXXXXXXXXXXXXXXXXXXXXXXXXXXXXXXXXXXXXXXXXXXXXXXXXXXXXXXXXXXXXXXXXXXXXXXXXXXXXXXXXXXXXXXXXXXXXXXXXXXXXXXXXXXXXXXXXXXXXXXXXXXXXXXXXXXXXXXXXXXXXXXXXXXXXXXXXXXXXXXXXXXXXXXXXXXXXXXXXXXXXXXXXXXXXXXXXXXXXXXXXXXXXXXXXXXXXXXXXXXXXXXXXXXXXXXXXXXXXXXXXXXXXXXXXXXXXXXXXXXXXXXXXXXXXXXXXXXXXXXXXXXXXXXXXXXXXXXXXXXXXXXXXXXXXXXXXXXXXXXXXXXXXXXXXXXXXXXXXXXXXXXXXXXXXXXXXXXXXXXXXXXXXXXXXXXXXXXXXXXXXXXXXXXXXXXXXXXXXXXXXXXXXXXXXXXXXXXXXXXXXXXXXXXXXXXXXXXXXXXXXXXXXXXXXXXXXXXXXXXXXXXXXXXXXXXXXXXXXXXXXXXXXXXXXXXXXXXXXXXXXXXXXXXXXXXXXXXXXXXXXXXXXXXXXXXXXXXXXXXXXXXXXXXXXXXXXXXXXXXXXXXXXXXXXXXXXXXXXXXXXXXXXXXXXXXXXXXXXXXXXXXXXXXXXXXXXXXXXXXXXXXXXXXXXXXXXXXXXXXXXXXXXXXXXXXXXXXXXXXXXXXXXXXXXXXXXXXXXXXXXXXXXXXXXXXXXXXXXXXXXXXXXXXXXXXXXXXXXXXXXXXXXXXXXXXXXXXXXXXXXXXXXXXXXXXXXXXXXXXXXXXXXXXXXXXXXXXXXXXXXXXXXXXXXXXXXXXXXXXXXXXXXXXXXXXXXXXXXXXXXXXXXXXXXXXXXXXXXXXXXXXXXXXXXXXXXXXXXXXXXXXXXXCGUCGCUAGU
2OE5_B,538,GGUXXXXXXXXXXXCCCXXXXXXXXXXXXXXXXXXXXXXXXXXXXXXXXXXXXXXXXXXXXXXXXXXXXXXXXXXXXXXXXXXXXXXXXXXXXXXXXXXXXXXXXXXXXXXXXXXXXXXXXXXXXXXXXXXXXXXXXXXXXXXXXXXXXXXXXXXXXXXXXXXXXXXXXXXXXXXXXXXXXXXXXXXXXXXXXXXXXXXXXXXXXXXXXXXXXXXXXXXXXXXXXXXXXXXXXXXXXXXXXXXXXXXXXXXXXXXXXXXXXXXXXXXXXXXXXXXXXXXXXXXXXXXXXXXXXXXXXXXXXXXXXXXXXXXXXXXXXXXXXXXXXXXXXXXXXXXXXXXXXXXXXXXXXXXXXXXXXXXXXXXXXXXXXXXXXXXXXXXXXXXXXXXXXXXXXXXXXXXXXXXXXXXXXXXXXXXXXXXXXXXXXXXXXXXXXXXXXXXXXXXXXXXXXXXXXXXXXXXXXXXXXXXXXXXXXXXXXXXXXXXXXXXXXXXXXXXXXXXXXXXXXXXXXXXXXXXXXXXXXXXXXXXXXXXXXXXXXXXXXXXXXXXXXXXXXXXXXXXXXXXXXXXXXXXXXXXXXXXXXXXXXXXXXXXXXXXXXXXXXXXXXXXXXXXXXXXXXXXXXXXXXXXXXXXXXXXXXXXXXXXXXXXXXXXXXXXXXXXXXXXXXXXXXXXXXXXXXXXXXXXXXXXXXXXXXXXXXXXXXXXXXXXXXXXXXXXXXXXXXXXXXXXXXXXXXXXXXXXXXXXXXXXXXXXXXXXXXXXXXXXXXXXXXXXXXXXXXXXXXXXXXXXXXXXXXXXXXXXXXXXXXXXXXXXXXXXXXXXXXXXXXXXXXXXXXXXXXXXXXXXXXXXXXXXXXXXXXXXXXXXXXXXXXXXXXXXXXXXXXXXXXXXXXXXXXXXXXXXXXXXXXXXXXXXXXXXXXXXXXXXXXXXXXXXXXXXXXXXXXXXXXXXXXXXXXXXXXXXXXXXXXXXXXXXXXXXXXXXXXXXXXXXXXXXXXXXXXXXXXXXXXXXXXXXXXXXXXXXXXXXXXXXXXXXXXXXXXXXXXXXXXXXXXXXXXXXXXXXXXXXXXXXXXXXXXXXXXXXXXXXXXXXXXXXXXXXXXXXXXXXXXXXXXXXXXXXXXXXXXXXXXXXXXXXXXXXXXXXXXXXXXXXXXXXXXXXXXXXXXXXXXXXXXXXXXXXXXXXXXXXXXXXXXXXXXXXXXXXXXXXXXXXXXXXXXXXXXXXXXXXXXXXXXXXXXXXXXXXXXXXXXXXXXXXXXXXXXXXXXXXXXXXXXXXXXXXXXXXXXXXXXXXXXXXXXXXXXXXXXXXXXXXXXXXXXXXXXXXXXXXXXXXXXXXXXXXXXXXXXXXXXXXXXXXXXXXXXXXXXXXXXXXXXXXXXXXXXXXXXXXXXXXXXXXXXXXXXXXXXXXACUAAAAGUCG
438D_A,539,GGGCGCUCC
438D_B,540,GGGCGCUCC
5D5L_A,541,GAAGGCCGAAAGGUCUUCCACGACGAUACUUAUUUCCUUUGAUCGUCGUUAUUACUGGCUUCGGCCACAAAGGAGA
3R1C_Q,542,GCGGCGGC
3R1C_R,543,GCGGCGGC
2DD3_A,544,GGUGAAGGCU
2DD3_B,545,GCCGAAGCC
1C2W_B,546,GGUUAAGCGACUAAGCGUACACGGUGGAUGCCCUGGCAGUCAGAGGCGAUGAAGGACGUGCUAAUCUGCGAUAAGCGUCGGUAAGGUGAUAUGAACCGUUAUAACCGGCGAUUUCCGAAUGGGGAAACCCAGUGUGUUUCGACACACUAUCAUUAACUGAAUCCAUAGGUUAAUGAGGCGAACCGGGGGAACUGAAACAUCUAAGUACCCCGAGGAAAAGAAAUCAACCGAGAUUCCCCCAGUAGCGGCGAGCGAACGGGGAGCAGCCCAGAGCCUGAAUCAGUGUGUGUGUUAGUGGAAGCGUCUGGAAAGGCGCGCGAUACAGGGUGACAGCCCCGUACACAAAAAUGCACAUGCUGUGAGCUCGAUGAGUAGGGCGGGACACGUGGUAUCCUGUCUGAAUAUGGGGGGACCAUCCUCCAAGGCUAAAUACUCCUGACUGACCGAUAGUGAACCAGUACCGUGAGGGAAAGGCGAAAAGAACCCCGGCGAGGGGAGUGAAAAAGAACCUGAAACCGUGUACGUACAAGCAGUGGGAGCACGCUUAGGCGUGUGACUGCGUACCUUUUGUAUAAUGGGUCAGCGACUUAUAUUCUGUAGCAAGGUUAACCGAAUAGGGGAGCCGAAGGGAAACCGAGUCUUAACUGGGCGUUAAGUUGCAGGGUAUAGACCCGAAACCCGGUGAUCUAGCCAUGGGCAGGUUGAAGGUUGGGUAACACUAACUGGAGGACCGAACCGACUAAUXXXGAAAAAUUAGCGGAUGACUUGUGGCUGGGGGUGAAAGGCCAAUCAAACCGGGAGAUAGCUGGUUCUCCCCGAAAGCUAUUUAGGUAGCGCCUCGUGAAUUCAUCUCCGGGGGUAGAGCACUGUUUCGGCAAGGGGGUCAUCCCGACUUACCAACCCGAUGCAAACUGCGAAUACCGGAGAAUGUUAUCACGGGAGACACACGGCGGGUGCUAACGUCCGUCGUGAAGAGGGAAACAACCCAGACCGCCAGCUAAGGUCCCAAAGUCAUGGUUAAGUGGGAAACGAUGUGGGAAGGCCCAGACAGCCAGGAUGUUGGCUUAGAAGCAGCCAUCAUUUAAAGAAAGCGUAAUAGCUCACUGGUCGAGUCGGCCUGCGCGGAAGAUGUAACGGGGCUAAACCAUGCACCGAAGCUGCGGCAGCGACGCUUAUGCGUUGUUGGGUAGGGGAGCGUUCUGUAAGCCUGCGAAGGUGUGCUGUGAGGCAUGCUGGAGGUAUCAGAAGUGCGAAUGCUGACAUAAGUAACGAUAAAGCGGGUGAAAAGCCCGCUCGCCGGAAGACCAAGGGUUCCUGUCCAACGUUAAUCGGGGCAGGGUGAGUCGACCCCUAAGGCGAGGCCGAAAGGCGUAGUCGAUGGGAAACAGGUUAAUAUUCCUGUACUUGGUGUUACUGCGAAGGGGGGACGCAGAAGGCUAUGUUGGCCGGGCGACGGUUGUCCCGGUUUAAGCGUGUAGGCUGGUUUUCCAGGCAAAUCCGGAAAAUCAAGGCUGAGGCGUGAUGACGAGGCACUACGGUGCUGAAGCAACAAAUGCCCUGCUUCCAGGAAAAGCCUCUAAGCAUCAGGUAACAUCAAAUCGUACCCCAAACCGACACXGGUGGUCAGGUAGAGAAUACCAAGGCGCUUGAGAGAACUCGGGUGAAGGAACUAGGCAAAAUGGUGCCGUAACUUCGGGAGAAGGCACGCUGAUAUGUAGGUGAGGUCCCUCGCGGAUGGAGCUGAAAUCAGUCGAAGAUACCAGCUGGCUGCAACUGUUUAUUAAAAACACAGCACUGUGCAAACACGAAAGUGGACGUAUACGGUGUGACGCCUGCCCGGUGCCGGAAGGUUAAUUGAUGGGGUUAGCGCAAGCGAAGCUCUUGAUCGAAGCCCCGGUAAACGGCGGCCGXAACXAXAACGGUCCUAAGGUAGCGAAAXUCCUUGUCGGGUAAGUUCCGACCUGCACGAAUGGCGUAAUGAUGGCCAGGCUGUCUCCACCCGAGACUCAGUGAAAUUGAACUCGCUGUGXAGAUGCAGUGUACCCGCGGCAAGACGGAAAGACCCCGUXAACCUUUACUAUAGCUUGACACUGAACAUUGAGCCUUGAUGUGUAGGAUAGGUGGGAGGCUUUGAAGUGUGGACGCCAGUCUGCAUGGAGCCGACCUUGAAAUACCACCCUUUAAUGUUUGAUGUUCUAACGUUGACCCGUAAUCCGGGUUGCGGACAGUGUCUGGUGGGUAGUUUGACUGXGGCGGUCUCCUCCUAAAGAGUAACGGAGGAGCACGAAGGUUGGCUAAUCCUGGUCGGACAUCAGGAGGUUAGUGCAAUGGCAUAAGCCAGCUUGACUGCGAGCGUGACGGCGCGAGCAGGUGCGAAAGCAGGUCAUAGUGAUCCGGUGGUUCUGAAUGGAAGGGCCAUCGCUCAACGGAUAAAAGGUACUCCGGGGAXAACAGGCUGAUACCGCCCAAGAGUUCAUAUCGACGGCGGUGUUUGGCAXCUCGAUGUCGGCUCAUCACAUCCUGGGGCUGAAGUAGGUCCCAAGGGUAUGGCUGUUCGCCAUUUAAAGUGGUACGCGAGCUGGGUUUAGAACGUCGUGAGACAGUUCGGUCCCUAUCUGCCGUGGGCGCUGGAGAACUGAGGGGGGCUGCUCCUAGUACGAGAGGACCGGAGUGGACGCAUCACUGGUGUUCGGGUUGUCAUGCCAAUGGCACUGCCCGGUAGCUAAAUGCGGAAGAGAUAAGUGCUGAAAGCAUCUAAGCACGAAACUUGCCCCGAGAUGAGUUCUCCCUGACCCUUUAAGGGUCCUGAAGGAACGUUGAAGACGACGACGUUGAUAGGCCGGGUGUGUAAGCGCAGCGAUGCGUUGAGCUAACCGGUACUAAUGAACCGUGAGGCUUAACCUU
1FMN_A,547,GGCGUGUAGGAUAUGCUUCGGCAGAAGGACACGCC
2XSL_C,548,GCGGGAG
2XSL_D,549,CUCCCGC
6OL3_C,550,GGACCUCGCAAGGGUAUCAUGGCGGACGACCGGGXUUCGAACCCCGGAUCCGGCCGUCCGCCGUGAUCCAUGCGGUUACCGCCCGCGUGUCGAACCCAGGUGUGCGAGGUCC
1C4L_A,551,CGACUCAGG
1C4L_B,552,CCUGCGUCG
1NBS_B,553,GCGAGCCUAGCGAAGUCAUAAGCUAGGGCAGUCUUXXXXGGCUGACGGCAGGAAAAAAGCCUACGUCUUCGGAUAUGGCUGAGUAUCCUUGAAAGUGCCACAGUGACGAAGUCUCACUAGAAAUGGUGAGAGUGGAACGCGGUAAACCCCUCGC
4TS2_X,554,GACGCGACCGAAUGAAAUGGUGAAGGACGGGUCCAGCCGGCUG
4TS2_Y,555,GCAGCCGGCUUGUUGAGUAGAGUGUGAGCUCCGUAACUGGUCGCGU
1HS2_A,556,GCGUUAAGUCGCA
5UZ6_A,557,GAGGUGXXGAGCGCGAAAGCGCUCG
2JLT_A,558,GGXCGGUCCCAGACGACC
2O3V_A,559,UGCGUCGCUCCGGAAAAGUCGC
2O3V_B,560,GCGUCGCUCCGGAAAAGUCGC
1RNK_A,561,GGCGCAGUGGGCUAGCGCCACUCAAAAGGCCCAU
2N7X_A,562,GGUAGUUUUGGCAUGACUCUACC
4AOB_A,563,GGCUUAUCAAGAGAGGGCAAGAGACUGGCUUGAUGACCCCCGGCAACCAAAAAUGGUGCCAAUUCCUGCAGAGGAAACGUUGAAAGAUGAGCCA
1ATO_A,564,GGCACCUCCUCGCGGUGCC
1NEM_A,565,GGACUGGGCGAGAAGUUUAGUCC
6E8T_A,566,GUACGAAGGAAGGUUUGGUAUGUGGUAUAUUCGUAC
2PCW_A,567,GGACCCGCCACUGCAGAGAUGCAAUCCAGUGGUCC
1TXS_A,568,GGGCUAGCACUCUGGUAUUACGGUACCUUUGUGCGCCC
3D2V_A,569,GGGACCAGGGGUGCUUGUUCACAGGCUGAGAAAGUCCCUUUGAACCUGAACAGGGUAAUGCCUGCGCAGGGAGUGUC
5WQ1_A,570,GGACAUCAGAUUUCCUGGUGUCC
4E58_C,571,GCCXCCGC
4E58_D,572,GCCXCCGC
4E58_E,573,GCCXCCGC
1B36_A,574,GGUGCAGAAACAGCGCUUCGGCGCGUAUAUUACGCACC
1F27_A,575,ACCGUCAGAGGACACGGUU
2KUW_A,576,GGGGUUGGUGUAUUUUUAAAUUAAUUCUUAAAAACUACAAUCAGCUCC
4A4S_A,577,GGACCCGGCUCACGCUGGGUCC
2Z9Q_A,578,CGGAUUUAXCUCAGXXGGGAGAGCXCCAGAXUXAAXAXXUGGAGXUCXUGUGXXCGXUCCACAGAAUUCGCACCA
1SA9_C,579,GGCGAGCC
1SA9_D,580,GGCGAGCC
6HC5_A,581,GGUGGGGACGACCCCAXC
1K2G_A,582,CAGACUUCGGUCGCAGAGAUGG
1YNC_A,583,GGAUAUAUGAUACAAUUUGAUCAGUAUAUCC
5Z1I_A,584,GCGUCGCGCCGGCGAAGUCGC
2KXZ_A,585,GACAAGUGUCA
2KXZ_B,586,GACAAGUGUCA
2D1A_A,587,GGGUCGGCUUGCUGAAGUGCACACGGCAAGAGGCGACCC
2D1A_B,588,GGGUCGGCUUGCUGAAGUGCACACGGCAAGAGGCGACCC
1EBR_A,589,GGUGGGCGCAGCUUCGGCUGACGGUACACC
6E7L_A,590,GGGCUGCACUUCGGUGCUGCCC
4MGN_A,591,GAAUCAAUAGUAGUUAACCCUCUCUUCCGAAGCGAGCCGGGGGCGGUGGGAGCCCGGUGAAGACGGUUAAUGAAACGGCAGUUCC
2K66_A,592,GGAGUAUGUGAAAGCAUACUCC
2M23_A,593,GGAGUAUGUAUUGGCACUGAGCAUACUCC
6MCI_A,594,GGGAUCUGUCACCCCAUUGAUCGCCGAGAXXXXXXXGGCUGAUCUGGXUGGXUAGGCGGGUCCC
2W89_A,595,GCAUCCG
2W89_B,596,CGGAUGC
2M18_A,597,GGGUUAGGGU
6H0R_A,598,ACAUGCACAUGCAAUUUGUGUAUGUGUAUGU
2KRV_A,599,CUCGGXUICGAACCGAG
7L0Z_G,600,GGGAGUACGGUGAGGGUCGGGUCCAGUAGGUACGCCUACUGUUGAGUAGAGUGUGGGCUCCGUACUCCC
1JUR_A,601,GGCCUGAGGAGACUCAGAAGCC
1XSG_A,602,GGAAGACCGGUCUUCGGACCGGCUUCC
4FRN_B,603,GGGCUAAAAGCAUGGUGGGAAAGUGACGUGUAAUUCGUCCACAUUACUUGAUACGGUUAUACUCCGAAUGCCACCUAGCCCAAAGUAGAGCAAGGAGACUCA
1TJZ_A,604,GGUGACGCCGUAAGGCGCAGCC
2G91_A,605,GGUGCGCXC
2G91_B,606,GGUGCGC
7PTQ_A,607,GGAAUUAGAGUGUGUUCCUGAACUGCUUCGGCGGUUCGCUACGUUCUUCGGAAUGUAUAUAGUGUUCGCAUUAUACCGUAGUCCAAGCCGUGUGGUUCGCCGCACGUCGUUCGUUCGCGGACGAGCAGGUGCCAUAACCUCCAAAUGGUACCUGCGCGUGUUGUCAGCAAGGUCUAAGCUGAUAACACUAUGCUAACGACUGAAGCAUAUUGGAUUACGGGCCAAGGGCAGCUAAGAUCGGAAGCUGUCCUUGAGGAACGCACUCUGAUUCCCCUCCGGAAGGAGCCCCACAGGUAAUAAACCGAUCAUAUUACUUGUGCACUCGCAACAGUCGAGCGGGUGGUAAUGAUUGCGCCCGUUGGCUAGAAUAGACCACUAGCUAACGGCGGGUCUUGGAUCAAUGGAGGAGAUCCAGGACCCGACCCGGACUUCGGUUCGGGUGCGGCCUUAGUUCGCUGAGGCCCGUCGCAUUCGUGUGACGGUGGUUAUUGCGGUCAAGGUUUCGACUUUGAGUAUUCCUUCGGGGAUACGCUUCUUCUGGAGG
486D_G,608,CUGGGGAGUACGGCCGCAAGGCUGAAACUCAAA
7Y8P_A,609,GGAXXXGAGUCC
7Y8P_B,610,GGAXXXGAGUCC
8I45_A,611,GGACGCUUUCGAGCGGUCC
5VH8_A,612,GACCUGCUGCUGGUC
5VH8_B,613,GACCUGCUGCUGGUC
6UFM_A,614,GGGCCUAUAGCUCAGGCGGUUAGAGCGCUUCGCUGAUAACGAAGAGGUCGGAGGUUCGAGUCCUCCUAGGCCCACCA
2M8K_A,615,GGUUUCUUUUUAGUGAUUUUUCCAAACCCCUUUGUGCAAAAAUCAUUA
7D12_A,616,GCAGCAGCUUCGGCAGCAGC
5TPY_A,617,GGGUCAGGCCGGCGAAAGUCGCCACAGUUUGGGGAAAGCUGUGCAGCCUGUAACCCCCCCACGAAAGUGGG
2G1G_A,618,ACGGGCUCAUXACCCGU
1PBR_A,619,GGCGUCACACCUUCGGGUGAAGUCGCC
1N66_A,620,GGACCUCUCGAAAGAGUUGUCC
2GV4_A,621,GGACCUCUCGAAAGAGUGGUCC
1Z31_A,622,GAGGUCGGCCCGACUUXXXXXXXXXXXCGGUCACUGCCACCUC
486D_F,623,CGUCACACCAUGGAAGGGGGUUGCAAAGAAAGGGUGGCCCCCXXXXXXXXXUUCGGGGCGCCUAACUUUGUGAUUCCUAACUGGGGUGAAGUCG
2O81_A,624,GCXGAXGCA
2O81_B,625,GCXGAXGCA
2LWK_A,626,GAGUAGAAACAAGGCUUCGGCCUGCUUUUGCU
1F1T_A,627,GGAXCCCGACXGGCGAGAGCCAGGXAACGAAXGGAXCC
2JXS_A,628,GCAGAAGAGCG
2JXS_B,629,CGCUCUCUGC
8PFQ_A,630,CGCGAAXUAGCG
2OE8_A,631,GGGXXXXXXXXXXACCXXXXXXXXXXXXXXXXXXXXXXXXXXXXXXXXXXXXXXXXXXXXXXXXXXXXXXXXXXXXXXXXXXXXXXXXXXXXXXXXXXXXXXXXXXXXXXXXXXXXXXXXXXXXXXXXXXXXXXXXXXXXXXXXXXXXXXXXXXXXXXXXXXXXXXXXXXXXXXXXXXXXXXXXXXXXXXXXXXXXXXXXXXXXXXXXXXXXXXXXXXXXXXXXXXXXXXXXXXXXXXXXXXXXXXXXXXXXXXXXXXXXXXXXXXXXXXXXXXXXXXXXXXXXXXXXXXXXXXXXXXXXXXXXXXXXXXXXXXXXXXXXXXXXXXXXXXXXXXXXXXXXXXXXXXXXXXXXXXXXXXXXXXXXXXXXXXXXXXXXXXXXXXXXXXXXXXXXXXXXXXXXXXXXXXXXXXXXXXXXXXXXXXXXXXXXXXXXXXXXXXXXXXXXXXXXXXXXXXXXXXXXXXXXXXXXXXXXXXXXXXXXXXXXXXXXXXXXXXXXXXXXXXXXXXXXXXXXXXXXXXXXXXXXXXXXXXXXXXXXXXXXXXXXXXXXXXXXXXXXXXXXXXXXXXXXXXXXXXXXXXXXXXXXXXXXXXXXXXXXXXXXXXXXXXXXXXXXXXXXXXXXXXXXXXXXXXXXXXXXXXXXXXXXXXXXXXXXXXXXXXXXXXXXXXXXXXXXXXXXXXXXXXXXXXXXXXXXXXXXXXXXXXXXXXXXXXXXXXXXXXXXXXXXXXXXXXXXXXXXXXXXXXXXXXXXXXXXXXXXXXXXXXXXXXXXXXXXXXXXXXXXXXXXXXXXXXXXXXXXXXXXXXXXXXXXXXXXXXXXXXXXXXXXXXXXXXXXXXXXXXXXXXXXXXXXXXXXXXXXXXXXXXXXXXXXXXXXXXXXXXXXXXXXXXXXXXXXXXXXXXXXXXXXXXXXXXXXXXXXXXXXXXXXXXXXXXXXXXXXXXXXXXXXXXXXXXXXXXXXXXXXXXXXXXXXXXXXXXXXXXXXXXXXXXXXXXXXXXXXXXXXXXXXXXXXXXXXXXXXXXXXXXXXXXXXXXXXXXXXXXXXXXXXXXXXXXXXXXXXXXXXXXXXXXXXXXXXXXXXXXXXXXXXXXXXXXXXXXXXXXXXXXXXXXXXXXXXXXXXXXXXXXXXXXXXXXXXXXXXXXXXXXXXXXXXXXXXXXXXXXXXXXXXXXXXXXXXXXXXXXXXXXXXXXXXXXXXXXXXXXXXXXXXXXXXXXXXXXXXXXXXXXXXXXXXXXXXXXXXXXXXXXXXXXXXXXXXXXXXXXXXXXXXXXXXXXXXXXXXXXXXXXXXXXXXXXXXXXXXXXXXXXXXXXXXXXXXXXXXXXXXXXXXXXXXXXXXXXXXXXXXXXXXXXXXXXXXXXXXXXXXXXXXXXXXXXXXXXXXXXXXXXXXXXXXXXXXXXXXXXXXXXXCGUCGCUAGU
2OE8_B,632,CGGUXXXXXXXXXXXCCXXXXXXXXXXXXXXXXXXXXXXXXXXXXXXXXXXXXXXXXXXXXXXXXXXXXXXXXXXXXXXXXXXXXXXXXXXXXXXXXXXXXXXXXXXXXXXXXXXXXXXXXXXXXXXXXXXXXXXXXXXXXXXXXXXXXXXXXXXXXXXXXXXXXXXXXXXXXXXXXXXXXXXXXXXXXXXXXXXXXXXXXXXXXXXXXXXXXXXXXXXXXXXXXXXXXXXXXXXXXXXXXXXXXXXXXXXXXXXXXXXXXXXXXXXXXXXXXXXXXXXXXXXXXXXXXXXXXXXXXXXXXXXXXXXXXXXXXXXXXXXXXXXXXXXXXXXXXXXXXXXXXXXXXXXXXXXXXXXXXXXXXXXXXXXXXXXXXXXXXXXXXXXXXXXXXXXXXXXXXXXXXXXXXXXXXXXXXXXXXXXXXXXXXXXXXXXXXXXXXXXXXXXXXXXXXXXXXXXXXXXXXXXXXXXXXXXXXXXXXXXXXXXXXXXXXXXXXXXXXXXXXXXXXXXXXXXXXXXXXXXXXXXXXXXXXXXXXXXXXXXXXXXXXXXXXXXXXXXXXXXXXXXXXXXXXXXXXXXXXXXXXXXXXXXXXXXXXXXXXXXXXXXXXXXXXXXXXXXXXXXXXXXXXXXXXXXXXXXXXXXXXXXXXXXXXXXXXXXXXXXXXXXXXXXXXXXXXXXXXXXXXXXXXXXXXXXXXXXXXXXXXXXXXXXXXXXXXXXXXXXXXXXXXXXXXXXXXXXXXXXXXXXXXXXXXXXXXXXXXXXXXXXXXXXXXXXXXXXXXXXXXXXXXXXXXXXXXXXXXXXXXXXXXXXXXXXXXXXXXXXXXXXXXXXXXXXXXXXXXXXXXXXXXXXXXXXXXXXXXXXXXXXXXXXXXXXXXXXXXXXXXXXXXXXXXXXXXXXXXXXXXXXXXXXXXXXXXXXXXXXXXXXXXXXXXXXXXXXXXXXXXXXXXXXXXXXXXXXXXXXXXXXXXXXXXXXXXXXXXXXXXXXXXXXXXXXXXXXXXXXXXXXXXXXXXXXXXXXXXXXXXXXXXXXXXXXXXXXXXXXXXXXXXXXXXXXXXXXXXXXXXXXXXXXXXXXXXXXXXXXXXXXXXXXXXXXXXXXXXXXXXXXXXXXXXXXXXXXXXXXXXXXXXXXXXXXXXXXXXXXXXXXXXXXXXXXXXXXXXXXXXXXXXXXXXXXXXXXXXXXXXXXXXXXXXXXXXXXXXXXXXXXXXXXXXXXXXXXXXXXXXXXXXXXXXXXXXXXXXXXXXXXXXXXXXXXXXXXXXXXXXXXXXXXXXXXXXXXXXXXXXXXXXXXXXXXXXXXXXXXXXXXXXXXXXXXXXXXXXXXXXXXXXXXXXXXXXXXXXXXXXXXXXXXXXXXXXXXXXXXXXXXXXXXXXXXXXXXXXXXXXXXXXXXXXXXXXXXXXXXXXXXXACUAAAAGUCG
402D_A,633,CGCCAGCG
402D_B,634,CGCCAGCG
6BG9_A,635,GGCAGGACUCGGCUUGCUGAAGCGCGCACGGCAAGAGGCGAGGGGCC
6BG9_B,636,GGCAGGACUCGGCUUGCUGAAGCGCGCACGGCAAGAGGCGAGGGGCC
1TUT_A,637,GAGGAAGGCGA
1TUT_B,638,UCGUUAAUCUC
3CGP_A,639,GCGCGXAGUAGC
3CGP_B,640,CGCUACUAACGCG
2QUS_A,641,GGAGCCCUGUCACCGGAUGUGCUUUCCGGUCUGAUGAGUCCGUGAGGACAAAACAGGGCUCCCGAAUU
1LVJ_A,642,GGCCAGAUCUGAGCCUGGGAGCUCUCUGGCC
1JZC_A,643,GGUGCAUGGCACC
3F2X_X,644,GAUCUUCGGGGCAGGGUGAAAUUCCCGACCGGUGGUAUAGUCCACGAAAGUAXXXGCUUUGAUUUGGUGAAAUUCCAAAACCGACAGUAGAGUCUGGAUGAGAGAAGAUU
1KH6_A,645,GGCGGAACCGXXXXXXACACCGGAAXCCGAAAGGAXXXGGGCGXGCCCCCGCC
5LR4_A,646,GXCGGXUGGC
5LR4_B,647,GXCGGXUGGC
1RNG_A,648,GGCGCUUGCGUC
2MHI_A,649,GGAAACGCCGCGGUCAGCUCGGCUGCUGCGAAGAGUUCGUCUCUGUUGUUUCC
1WKS_A,650,GGCUUUGGAUAAAAGCC
1LMV_A,651,GGUGUAGUA
1LMV_B,652,UACUAACACC
1QWB_A,653,GGACACGAAAUCCCGAAGUAGUGUCC
5HBY_A,654,ACUUAAGUC
1DQF_A,655,GCCACCCUG
1DQF_B,656,CAGGGUCGGC
8EYU_A,657,GCGCCGGUUAGGCAGAGGUGGGUGGUGUGGAGGAGUAUCUGUCCGGCGC
2NBZ_A,658,GGGCUCGGUGCACAUGCUUUACAUGUGUUUAGUCGAGCCC
7TZS_X,659,GACUCGGGGUGCCCUUCUGCGUGAAGGCUGAGAAAUACCCGUAUCACCUGAUCUGGAUAAUGCCAGCGUAGGGAAGUU
1T4X_A,660,CGCGCG
1T4X_B,661,CGCGCG
4WFL_A,662,GCCGUGCUAAGCGGGGAGGUAGCGGUGCCCUGUACCUGCAAUCCGCUCUAGCAGGGCCGAAUCCCUUCUCGAGGUUCGGUAACGAAUCGACAGAAGGUGCACGGU
2G1W_A,663,GGGGUGGCUCCCCUAACAGCCG
2AHT_A,664,GGAGCGGGGGUGUAAACCUAUCGCUCC
361D_B,665,CUGGGCGGGCGACCGCCUGG
2AO5_C,666,GGCGXGCGCU
2AO5_D,667,GGCGXGCGCU
2D19_A,668,GCUGAAGUGCACACGGC
2D19_B,669,GCUGAAGUGCACACGGC
1ATV_A,670,GGGACCAGAAGGUCCCG
8UYL_A,671,GGAGCGUCGUGUCUCUUGUACGUCUCGGUCACAAUACACGGUUUCGUCCGGUGCGUGGCAAUUCGGGGCACAUCAUGUCUUUCGUGGCUGGUGUGACCGCGCAAGGUGCGCGCGGUACGUAUCGAGCAGCGCUCC
5KQE_A,672,GGGUGUACUUAACGUUUGCUUCGGCAAACUACAUCC
7D81_A,673,GGUUUCAACAUCCCCGUUCGGCGCUCGAAAGAGGUGGCCGGACUGAAGCC
3IBK_A,674,AGGGUUAGGGU
3TD0_A,675,GCGUCGCGXCGACGAAGUCGC
3TD0_B,676,UUGCGUCGCGXCGACGAAGUCGC
1R2P_A,677,GAGCCGUAUGCGAUGAAAGUCGCACGUACGGUUC
3D0U_A,678,GGACGGAGGCGCGCCCGAGAUGAGUAGGCUGUCCCAUCAGGGGAGGAAUCGGGGACGGCUGAAAGGCGAGGGCGCCGAAGCGAGCAGAGUUCCUCCCGCUCUGCUUGGCUGGGGGUGAGGGGAAUACCCUUACCACUGUCGCGAAAGCGGAGAGCCGUCCA
1H1K_J,679,AAAAAAAAAAAAAAAAAAAAAAAAAAAAAAAAAAAAAAAAAAAAAAAAAAAAAAAAAAAAAAAAAAAAAAAAAAAAAAAAAAAAAAAAAAAAAAAAAAAAAAAAAAAAAAAAAAAAAAAAAAAAAAAAAAAAAAAAAAAAAAAAAAAAAAAAAAAAAAAAAAAAAAAAAAAAAAAAAAAAAAAAAAAAAAAAAAAAAAAAAAAAAAAAAAAAAAAAAAAAAAAAAAAAAAAAAAAAAAAAAAAAAAAAAAAAAAAAAAAAAAAAAAAAAAAAAAAA
1H1K_M,680,UUUUUUUUUUUUUUUUUUUUUUUUUUUUUUUUUUUUUUUUUUUUUUUUUUUUUUUUUUUUUUUUUUUUUUUUUUUUUUUUUUUUUUUUUUUUUUUUUUUUUUUUUUUUUUUUUUUUUUUUUUUUUUUUUUUUUUUUUUUUUUUUUUUUUUUUUUUUUUUUUUUUUUUUUUUUUUUUUUUUUUUUUUUUUUUUUUUUUUUUUUUUUUUUUUUUUUUUUUUUUUUUUUUUUUUUUUUUUUUUUUUUUUUUUUUUUUUUUUUUUUUUUUUUUUUUUUUU
2GV3_A,681,GGCCAGACUCCCGAAUCUGGCC
5C5W_A,682,CCUGAGUUCAAUUCUAGCG
1MNX_A,683,GGGUGACGAUACUGUAGGCGAGAGCCUGCGGAAAAAUAGCCC
3Q3Z_V,684,CGCGGAAACAAUGAUGAAUGGGUUUAAAUUGGGCACUUGACUCAUUUUGAGUUAGUAGUGCAACCGACCGUGCU
1FEQ_A,685,GCAGACUUUUXAUCUGC
1U3K_A,686,GGGUGACUCCAGAGGUCGAGAGACCGGAGAUAUCACCC
7UZ0_A,687,CGGAAGUAGUUCAGUGGUAGAACACCUACUGGCCCGAAAGGGUGGAACCCCAGUAGGGGGUCGCGGGUUCGAGUCCCGUCUUCCGC
7MKY_A,688,CGGUGUAAGUGCAGCCCGUCUUACACCGUGCGGCACAGCGGAAACGCUGAUGUCGUAUACAGGGCU
4JAB_A,689,GUGUAUAC
4JAB_B,690,GUGUAUAC
1KIS_A,691,GAGCCCUGGGAGGCUC
7YGA_A,692,GGUUUGGAGGGAAAAGUUAUCAGGCAUGCACCUGGUAGCUAGUCUUUAAACCAAUAGAUUGCAUCGGUUUAAAAGGCAAGACCGUCAAAUUGCGGGAAAGGGGUCAACAGCCGUUCAGUACCAAGUCUCAGGGGAAACUUUGAGAUGGCCUUGCAAAGGGUAUGGUAAUAAGCUGACGGACAUGGUCCUAACCACGCAGCCAAGUCCUAAGUCAACAGAUCUUCUGUUGAUAUGGAUGCAGUUCACAGACUAAAUGUCGGUCGGGGAAGAUGUAUUCUUCUCAUAAGAUAUAGUCGGACCUCUCCUUAAUGGGAGCUAGCGGAUGAAGUGAUGCAACACUGGAGCCGCUGGGAACUAAUUUGUAUGCGAAAGUAUAUUGAUUAGUUUUGGAGU
4QLM_A,693,AUCGCUGAACXXXXXXXXXGCGGGGGACCCAGXXXXGGGGCGAAUCUCUUCCGAAAGGAAGAGUAGGGUUACUCCUUCGACCCGAGCCCGUCAGCUAACCUCGCAAGCGUCCGAAGGAGAA
5NXT_U,694,UGUUCUCUACGAAGAACA
2IL9_A,695,CUGACUAUGUGAUCUUAUUAAAAUUAGGUUAAAXXXCGAGGUUAAAAAUAGUUUUAAUAUUGCUAUAGUXXXAGAGGUCUUGCGAAAGXXXXXXXXXXCUUACCACACAAGAUGGACCGGAGCGAAAGXXXXCUCCAAUAUCUAGUGUACCCUCG
2LDT_A,696,GGGGAGUACGGCCGCAAGGUUAAAACUCCCC
1FOQ_B,697,UCAAXGGUACGGUACUUXXXUUGUCAUGUGUAUGUXGGGGAUUAAACCCUGAUUXAGUUCAGCCCACAUACUUUGUUGAUUGGUUGUCAAUCAUGGCAAAAGUGCXCGXUACUUUGA
1MFJ_A,698,GACAGUCUCUACGGAGACUG
1QC8_A,699,GGCAGUGUGAGUACCUUCACACGUC
472D_A,700,GUGUUUAC
472D_B,701,GUAGGCAC
1IE1_A,702,GGCCGAAAUCCCGAAGUAGGCC
1IDV_A,703,GGGCGUGCCC
6VA1_A,704,CCGGCAGUGUG
6VA1_B,705,CACACGUCGG
6UFH_A,706,GCAUCGAUCCGGCGAUCACCGGGGAGCCUUCGGAAGAACGGCCGGAAACGGCCCAGUAGAACCGAACGGGUUGGCCCGUCACAGCCUCAAGUCGAGCGGCCGCGCGAAAGCGUGGCAAGCGGGGUGGCACCGCGGCGUUCGCGCGAAAGCGUGGCGUCGUCCCCG
409D_C,707,CCCIUGGG
409D_D,708,CCCIUGGG
3BNT_A,709,CGCGUCACCXCGAGCAAGUCGC
4KZ2_A,710,UUGCCAUGUGUAUGUGGG
4KZ2_B,711,CCCACAUACUUUGUUGAUCC
4KZ2_C,712,GGAUCAAUCAUGGCAA
6DLR_A,713,GGAAAGUGUGUCUAGGGUUCCGCGUGCUUCGGCACGGACUGGUCCAAGUGACACAGACGCAUUCGUGCGUUACACCGGAGGGAUAGAAGCCCAGGCGGGUAGGUUU
4NLF_A,714,UGCUCCUAGUACGAGAGGACXGGAGUG
8S95_A,715,GCCCGGAUAGCUCAGUCGGUAGAGCAGCGGCUAAAACAGCUCUGGGXXXXXXXXXACCCCAGAGGCCCACGUGGCGGCUAGUACUCCGGUAUUGCGGUACCCUUGUACGCCUGUUUUAGCCGCGGGUCCAGGGUUCAAGUCCCUGUUCGGGCGCC
1FUF_A,716,GGUAUUUCGGUAXC
1FUF_B,717,GGUAUUUCGGUAXC
2QWY_C,718,GCGCGGCGAUUUAACCGUAUUGCAGUCGCGUGAUAAAUGUAGCUAAAAAGGA
2VUQ_A,719,GCAUUGG
2VUQ_B,720,CCAAUGC
5V16_A,721,GGAUCAAUAGCAGGUGUGGCACACCAGUCAUACCUUGAUCC
1EKA_A,722,GAGUGCUC
1EKA_B,723,GAGUGCUC
2KD8_A,724,GGAUGGUUGGGGUUAGCCAUCC
2IRN_A,725,GCUGAGGCU
2IRN_B,726,GCUGAGGCU
1DUQ_A,727,GCUGGGCGCAGG
1DUQ_B,728,CCUGACGGUACAGC
1KD4_A,729,GGUCACAGCCC
1KD4_B,730,GGUCACAGCCC
6U79_A,731,GGUUUCUUAGCACGAAGAUCUCGAUGUCUAAGAAACC
1N53_A,732,GAGGGUGGAACCGCGC
1N53_B,733,GCGUCCCUC
8QO4_A,734,UUUUUCAGUUAGAGCGUCGUGUCUCUUGUACGUCUCGGUCACAAUACACGGUUUCGUCCGGUGCGUGGCAAUUCGGGGCACAUCAUGUCUUUCGUGGCUGGUGUGACCGCGCAAGGUGCGCGCGGUACGUAUCGAGCAGCGCUCAACUCUGAAAAA
8UYE_A,735,GGAGCAUCGUGUCUCAAGUGCUUCACGGUCACAAUAUACCGUUUCGUCGGGUGCGUGGCAAUUCGGUGCACAUCAUGUCUUUCGUGGCUGGUGUGGCUCCUCAAGGUGCGAGGGGCAAGUAUAGAGCAGAGCUCC
4RBQ_A,736,AGAGAAGAAAGGGAAAUUUUUUUUUUUUUUUU
2TPK_A,737,GCUGACCAGCUAUGAGGUCAUACAUCGUCAUAGCAC
2F87_A,738,GGCUGAAGGGCC
1F84_A,739,GGCCGAGUAGUGUUGGGUCGCGAAAGGCC
7Q80_A,740,CCACUGXGAGCUUC
7Q80_B,741,GGAAGCUCUGACCGACCCCCAGCC
7Q80_C,742,GCUGGGACAACUAGACAUACAGUG
1A3M_A,743,GGCGUCACACCUUC
1A3M_B,744,GGGUGAAGUCGCC
3FTM_C,745,GUGUGAGGCUG
3FTM_D,746,CCAGUCXGGAACA
361D_A,747,CUGGGCGGGCGACCGCCUGG
2LV0_A,748,GGGCUAAUGUUGAAAAAUUAGCCC
1NC0_A,749,GGUUCCCCUGCAUAAGGAGGAACC
8UYP_A,750,GGUUGACAAGAAACGAGUAACUCGUCCCUCUUCUGCAGACUGCUUACGGUUUCGUCCGUGUUGCAGUCGAUCAUCAGCAUACCUAGGUUUCGUCCGGGUGUGACCGAAAGGUAAGAUGGAGAGCCUUGUUCUUGGUGUCAACC
3IBK_B,751,AGGGUUAGGGU
4PCJ_A,752,CUGCXGGCUAAGGCAUGAAAGUGCUAUGCCUGCUG
2KY2_A,753,GGUAGGCCA
2KY2_B,754,GGUAGGCCA
2LKR_A,755,GGCAAUACAGAGAUGAUCAGCAGUUCCCCUGCAUAAGGAUGAACCGUUUUACAAAGAGAUUUCUUCGGGAAUCUCUUUGCCUUUUGGCUUAGAUCAAGUGUAGUAUCUGUC
5UNE_A,756,GGGAAAUGAUGGGCGUAGACGCACGUCAGCGGCGGAAAUGGUUUCCC
5UNE_B,757,GGGAAAUGAUGGGCGUAGACGCACGUCAGCGGCGGAAAUGGUUUCCC
1AL5_A,758,CGCAAAUUUGCG
1AL5_B,759,CGCAAAUUUGCG
4MCF_A,760,GUGGUCUU
4MCF_B,761,AAGACUGCCUG
4MCF_C,762,AGUGGUCUU
4MCF_D,763,AAGACUGCCUG
1LDZ_A,764,GCGACCGAGCCAGCGAAAGUUGGGAGUCGC
2P7E_C,765,GGCAGAGAAACACACGA
2P7E_D,766,UCGUGGUACAUUACCUGCC
2P7E_P,767,GUCCACCG
2KRZ_A,768,CGGGCCCAUACCCCGA
5V1K_A,769,CGCGAAXXAGCG
5V1K_B,770,CGCGAAXXAGCG
5LYS_B,771,GGGAUCUGUCACCCCAUUGAUCGCCUUCGXXXXXXXXXXXGGCUGAUCUGGCUGGCUAGGCGGGUCC
3FS0_A,772,GGUGAGGCUG
3FS0_B,773,CCAGUCXGGAAC
1F5U_A,774,GGUGGGAGACGUCCCACC
2O33_A,775,GGUUUGCCUUUUGGCUUACC
6VMY_A,776,GUCAAAUAGGUGCCGGUCCGUGAACAACAGCCGGCUUAAAAGGGAAACCGGUAAAAGCCGGUGCGGUCCCGCCACUGUAAUUGGCCAAGCGCCAAGAGCCAGGAUACCUGCCUGUUUGAUCAGCACGAAUUCUGCGAGGACAGAUGA
8TSV_A,777,CAGACUGCGAGGGCCCUCGAGUUUG
8TSV_B,778,CAGACUGCGAGGGCCCUCGAGUUUG
2L8W_A,779,CCGCUGCGG
2L8W_B,780,CCGCUGCGG
2D18_A,781,GCUGAAGUGCACACGGC
2D18_B,782,GCUGAAGUGCACACGGC
2RO2_A,783,GGGAGACCUGAAGUGGGUUUCCC
7SAM_A,784,CGUGGUUGACACGCAGACCUCUUACAAGAGUGUCUAGGUGCCUUUGAGAGUUACUCUUUGCUCUCUUCGGAAGAACCCUUAGGGGUUCGUGCAUGGGCUUGCAUAGCAAGUCUUAGAAUGCGGGUACCGUACAGUGUUGAAAAACACUGUAAAUCUCUAAAAGAGACCA
5A18_A,785,GACGAUAUCGAGCAUCAAGAGUGAAUAUCGUC
2JSE_A,786,GGAGUGGCCGAAAGGCAUCUCC
1UUI_B,787,GGCAGAUCUGAGCCUGGGAGCUCUCUGCC
2LC8_A,788,GGUCAGGGUCAGGAGCCCCCCCCUGAACCCAGGAUAACCCUCAAAGUCGGGGGGCA
1QD3_A,789,GCCAGAUUUGAGCCUGGGAGCUCUCUGGC
6JJH_B,790,GGCUCGGCGGCGGA
2MVY_1,791,GGACUAGUCC
2MVY_2,792,GGACUAGUCC
1LU3_A,793,GCCAGACUGAAGAXCUG
1SZY_A,794,GGCAGGGCUCAUAACCCUGCC
2N6S_A,795,GGAAUUUAUGAGUACCUUCGGAUACUUAUAGAUUCC
1JU1_A,796,CUUGCUGAAGCGCGCACGGCAAG
1JU1_B,797,CUUGCUGAAGCGCGCACGGCAAG
8FEQ_A,798,AGAGXAGAUCUXCUCU
1OW9_A,799,GAGCGAAGACGAAAGUCGAGCUC
1NBK_A,800,GGGAGCUUGAUCCCGGAAACGGUCGAUCGCUCCC
5NWQ_A,801,CCGGACGAGGUGCGCCGUACCCGGUCAGGACAAGACGGXGC
4XWF_A,802,GGGUCGUGACUGGCGAACAGGUGGGAAACCACCGGGGAGCGACCCUUGCCGCCCGCCUGGGCAA
7Q6L_A,803,GGGCCAUAGGGUGGGAUCUGGG
2PN9_A,804,GGAGCCUGGGAGCUCC
2PN9_B,805,CACGGUCCXXGACGUG
5V17_A,806,GGAUCAACCCCAGGUGUGGCACACCAGUCAUACCUUGAUCC
6N8I_A,807,CGCAUUCGACGC
6N8I_B,808,GCGUUUCGUGCG
1KKA_A,809,GGGGAUUGAAAAUCCCC
5C45_X,810,GGAUCUUCGGGGCAGGGUGAAAUUCCCGACCGGUGGUAUAGUCCACGAAAGCUU
5C45_Y,811,GCUUUGAUUUGGUGAAAUUCCAAAACCGACAGUAGAGUCUGGAUGAGAGAAGAUUC
2N1Q_A,812,GGUGCCCGUCUGUUGUGUGACUCUGGUGAGAXXXXXXXXXXXXXXXXXXXXXXXXXXXXXXXXXXXXXXXXXXXXXXXXXXXXXXXXXXXXXXXXXXXXXXXXXXXXXXXXXGCCAGAGGAGAUCUCUCGACGCAGGACUCGGCUUGCUGXXXXXGAGACGGCAAGAGGCGAGGGGCGGCGACUGGUGAGUACGCCAAAAAUUUUGACUAGCGGAGGCUAGAAGGAGAGAGAUGGGUGCCC
3ND3_A,813,AGAGAAGAUUUUUUUU
1AQO_A,814,GGAGUGCUUCAACAGUGCUUGGACGCUCC
2XEB_A,815,GAUCGUAGCCAAUGAGGUU
2XEB_B,816,GCCGAGGCGCGAUC
2NBY_A,817,GGGCAGAAGGUACCCCAUUGUAUGGGAUCUGAUCUGCCC
1P5P_A,818,GGCUGUGAGGAACUACUGUCUUCACGCAGAAAGCGUCUAGCCAUGGCGUUAGUAUGAGUGUCGUGCAGCCUCCAGCC
3R1D_A,819,GCXGCGGCGGC
3R1D_B,820,GCXGCGGCGGC
1X8W_C,821,GACCGUCAAAUUGCGGGAAAGGGGUCAACAGCCGUUCAGUACCAAGUCUCAGGGGAAACUUUGAGAUGGCCUUGCAAAGGGUAUGGUAAUAAGCUGACGGACAUGGUCCUAACCGCGCAGCCAAGUCCUAAGUCAACAGGAGAXCUGUUGAUAUGGAUGCAGUACACAGACUAGAUGUCGGCCGGGGAAGAXXXXXUCUUCUCAUAAGGUAUAGUCGGACCUCUCCCGAAAGGGAGXXXXXXXXXXXXXXXXXXXXXXXXXXXXXXXXXXXXXXXXXXXXXXXXXXXXXXXXXXXXXXXXXXXXXXXUUGGXXXXXUCG
433D_A,822,GGUAUUGCGGUACC
433D_B,823,GGUAUUGCGGUACC
5LWJ_A,824,GGCAGCCAGAXGAGCACGUAUACGCAAGGCUGUC
2QUW_B,825,ACCGGAUGUGCUUUCCGGUCUGAUGAGUCCGUGAGGACAAAACAGGGCUCCCGAAUU
5VCI_A,826,CUGCUGGCUAAGGCCCGAAAGG
5VCI_B,827,CUAUGCCUGCUG
6L0Y_A,828,GGUAGACGCUUCGGCGUUUGCC
4KQY_A,829,GUUCUUAUCAAGAGAAGCAGAGGGACUGGCCCGACGAAGCUUCAGCAACCGGUGUAAUGGCGAAAGCCAUGACCAAGGUGCUAAAUCCAGCAAGCUCGAACAGCUUGGAAGAUAAGAAC
6GYV_A,830,CAUCCGGUAUCCCAAGACAAUCUUCGGGUUGGGUUGGGAAGUAUCAUGGCUAAUCACCAUGAUGCAAUCGGGUUGAACACUUAAUUGGGUUAAAACGGUGGGGGACGAUCCCGUAACAUCCGUCCUAACGGCGACAGACUGCACGGCCCUGCCUCAGGUGUGUCCAAUGAACAGUCGUUCCGAAAGGAAG
4P8Z_A,831,GGUUGGGUUGGGAAGUAUCAUGGCUAAUCACCAUGAUGCAAUCGGGUUGAACACUUAAUUGGGUUAAAACGGUGGGGGACGAUCCCGUAACAUCCGUCCUAACGGCGACAGACUGCACGGCCCUGCCUCUUAGGUGUGUCCAAUGAACAGUCGUUCCGAAAGGAAGCAUCCGGUAUCCCAAGACAAUC
1I46_A,832,GGUGCGUAGCACC
364D_A,833,UGCXUGGCGGC
364D_B,834,CCGAUGGUAGUGUGGGGUC
364D_C,835,CCCCAUGCGAGAGUAGGGAACUGCCAGGCAU
1FIR_A,836,GCCCGXAUAXCUCAGXCGGXAGAGCAXCAGACUXUUXAXCUGAGGXXXXAGGGXXCAXGUCCCUGUUCGGGCGCCA
7V06_A,837,GGUGCUGUUUAUCCAUUUCAGAAUUGGGUGUCGACAUAGCACC
6QN3_A,838,CGUUCACCCUUCGGGGCGCAUGAAAUGGGAGUAGGGAACGGGAUUCUCAU
6QN3_B,839,CGUUCACCCUUCGGGGCGCAUGAAAUGGGAGUAGGGAACGGGAUUCUCAU
1AJL_A,840,GGUAAUAAGCUC
1AJL_B,841,GAGUACC
4RKV_A,842,UGGGGU
2QH4_A,843,GGCACAGAGUUAUGUGCC
2L6I_A,844,GAUCUCUUGUAGAUCA
2JYM_A,845,GGCUCGCAGCAGGUCUGGAGUC
2NCR_A,846,CCGCGGCGG
2NCR_S,847,CCGCGGCGG
6HAG_A,848,GUCACAACGGCUUCCUGACGUGGCAGAUUGAAUUAUUGGAGCA
6AZ4_A,849,CUGCUGCUGCCGCUAAGGAUGAAAGUCUAUGC
2HEM_A,850,GGGAAGGCGCUUCGGCGUCGGCCC
1KXK_A,851,GUCUACCUAUCGGGCUAAGGAGCCGUAUGCGAUGAAAGUCGCACGUACGGUUCUAUGCCCGGGGGAAAAC
6JJI_B,852,GGCUCGGCGGCGGA
7BPG_G,853,GCUGCXG
1SCL_A,854,GGGUGCUCAGUACGAGAGGAACCGCACCC
7JU1_X,855,GGCAGAUCUGAGCCUGGGAGCUCUCUGCC
7JRS_A,856,GGACGCGGUAGCGAAGAACCAUCGACUGCGACUUAGCGAGCCUGCCCUGGCAGUGGGAGCCUGAAGCAGGCACGGGCGAAGAACACUGUCAGGUCGCUGAGUCGGCGUCCCAGUUGAUGGGGAGCUACC
7JRS_B,857,GGACGCGGUAGCGAAGAACCAUCGACUGCGACUUAGCGAGCCUGCCCUGGCAGUGGGAGCCUGAAGCAGGCACGGGCGAAGAACACUGUCAGGUCGCUGAGUCGGCGUCCCAGUUGAUGGGGAGCUACC
3BNR_C,858,UUGCGUCACCXCGAGCAAGUCGC
3BNR_D,859,GCGUCACCXCGAGCAAGUCGC
3LOA_A,860,CCGCGCCCGXCACACCACCCG
3LOA_B,861,GGGXGGUGAAGUCGUAACGCGGC
6V9B_B,862,AUCGAGGGAGUGGUGAGGAUGAGGCGAU
6V9B_D,863,AUCGAGGGAGUGGUGAGGAUGAGGCGA
2K65_A,864,GGCACUG
2K65_B,865,CAGUGUC
1JTJ_A,866,CUUGCUGAAGCACGCACGGCAAG
1PJY_A,867,GGCCUUCCCACAAGGGAAGGCC
1KPD_A,868,GGCGCAGUGGGCUAGCGCCACUCAAAGGCCCG
3CGS_A,869,GCGCGXAGUAGC
3CGS_B,870,CGCUACUGACGCG
5KMZ_A,871,AACCUUCACCAAUUAGGUUCAAAUAAGUGGU
2O3X_A,872,GCGUCACACCGGUGAAGUCGC
2O3X_B,873,GCGUCACACCGGUGAAGUCGC
2KPC_A,874,UGAGCACAGUUUGCUCA
1T28_A,875,GGUCAUCGUUGAGAAAACGAAACAGACGGUGGCC
1ET4_A,876,GGAACCGGUGCGCAUAACCACCUCAGUGCGAGCAA
1AJT_A,877,GGUAAUAAGCUC
1AJT_B,878,GAGUACC
6XXA_A,879,GGUGCCUAAUAUUUAGGCACC
8F4O_A,880,GCGACUCGGGGUGXXXXXXXXXXXXAAGGCUGAGAAAUACCCGUAUCACCUGAUCUGGAXXXXGCCAGCGUAGGGAAGUCG
1F7G_A,881,GGAAGUUCGGUCUUCGGACCGGCUUCC
1YNE_A,882,GGAUAUAUGAUAUAAUUUGAUCAGUAUAUCC
6UES_A,883,GGUCAUGAGUGCCAGCGUCAAGCCCCGGCUUGCUGGCCGGCAACCCUCCAACCGCGGUGGGGUGCCCCGGGUGAUGACCAGGUUGAGUAGCCGUGACGGCUACGCGGCAAGCGCGGGUC
3JXQ_K,884,CGCGXG
3JXQ_L,885,CGCGXG
2RPT_A,886,GGCCCGCCGAAAGGCCGGCC
8UYM_A,887,GGAGCGUCGUGUCUCUUGUACGUCUCGGUCACAAUACACGGUUUCGUCCGGUGCGUGGCAAUUCGGGGCACAUCAUGUCUUUCGUGGCUGGUGUGACCGCGCAAGGUGCGCGCGGUACGUAUCGAGCAGCGCUCC
280D_A,888,GGCGCUUGCGUC
280D_B,889,GGCGCUUGCGUC
8BU8_A,890,GUUACUCACCUCUUCGGAGAAAACGGUCCGAGCGUGGUUCGCCACUAAAAUACCGUUUUGGCCUGAAUGUGUCUGGUCCUUCCGCAGCCGUUUGAUGAGUUCGCUCAUCAUAGCGGGCUUACCAAACAGUUCGCUGCCACCGUGCGGAAGCAGUUUCGACUGAUAGAUCACGGUGGGACUAUUCGUAGUCUUUGGUGAGCUCGUUACGUUUCUUCGGAAACGAACGGCUGAUCUAUGACCAGAUGUAUUCAGGCCGUGAGUAACGUCGCCGUACAUCUUCGGAUGUAGCGUCCCUAUUUUACAAACUUCGGUUUGGCUCGGAGGGACGCAGCAGGGUUCGCCCUGCUCGGCGAC
2K3Z_A,891,GUCGAGCUG
2K3Z_B,892,CAGCCGAC
4RBY_A,893,CGCXAAUUAGCG
1BN0_A,894,GGACUAGCGGAGGCUAGUCC
1BZ2_A,895,UCAGACUUUUAAUCUGA
1ESY_A,896,GGCGACUGGUGAGUACGCC
8SCH_A,897,GAGAAUCCAGCUCUGGAAGCGUUUAUAUAACAUGAAAUAUAUAUACGCAUUCCGAUCAAAGCUGGGUU
4R4V_A,898,GCGCUGUGUCGCAAUCUGCGAAGGGCGUCGUCGGCCCAAGCGGUAGUAAGCAGGGAACUCACCUCCAAUGAAACACAUUGUCGUAGCAGUUGACUACUGUUAUGUGAUUGGUAGAGGCUAAGUGACGGUAUUGGCGUAAGCCAAUACCGCAGCACAGCACAAGCCCGCUUGCGAGAUUACAGCGC
5MWI_A,899,GCUGCUGCUGCUGCUGCUGCUGCUGC
1ATW_A,900,GCUCCAGAUGGAGCG
1JTW_A,901,GGGUGCGAGAGCGUCA
1NZ1_A,902,GGUUCCCCUGCAUAAGGAXGAACC
1MUV_A,903,GGCAAGCCU
1MUV_B,904,GGCAAGCCU
2N3Q_A,905,GCAGCAGGGAACUCACGCUUGCGUAGAGGCUAAGUGCUUCGGCACAGCACAAGCCCGCUGCG
2CD5_A,906,GGAAGUCCGGUCUUCGGACCGGCUUCC
7WIE_A,907,GCGUGGUCCGUUCAACUCGUUCCUCGAAAXGAGGAACUACGGGAGACGCC
4JIY_A,908,CGUACG
4RKV_B,909,UGGGGU
1QWA_A,910,GGAUGCCUCCCGAGUGCAUCC
2FDT_A,911,GGUUGUACGUCGCUUUGGAUAAAAGCGUCUGCGACC
1RAW_A,912,GGGAAGGGAAGAAACUGCGGCUUCGGCCGGCUUCCC
2RPK_A,913,GGGAUCCAUGACAGGAUCCC
7KUD_A,914,GGUUUCGGGAACC
1UUU_A,915,GGCGUACGUUUCGUACGCC
1M82_A,916,GGAAGCAGGCUUCGGCCUUGUUUCC
8SA6_A,917,GGUUAAAGCCUUAUGGUCGCUACCAUUGCACUCCGGUAGCGUUAAAAGGGAAGACGGGUGAGAAUCCCGCGCAGCCCCCGCUACUGUGAGGGAGGACGAAGCCCUAGUAAGCCACUGCCGAAAGGUGGGAAGGCAGGGUGGAGGAUGAGUCCCGAGCCAGGAGACCUGCCAUAAGGUUUUAGAAGUUCGCCUUCGGGGGGAAGGUGAACA
6VZC_A,918,GGGCUGUGAUGCUUCGGCAUAUCAGCCC
422D_A,919,GAUCACUUCGGU
422D_B,920,GAUCACUUCGGU
2G92_A,921,CGCXAAUUAGCG
2G92_B,922,CGCXAAUUAGCG
2HUA_A,923,GGCCUCCAGCGACGGCCUUCGGGACUAGCAAACGGAGGCC
2M12_A,924,GGGUGUAUUGGAAAUGAGCACCC
1WTS_A,925,GGACCXGXXGGUCC
3HGA_X,926,UXCGCG
4P3U_C,927,UGCGUCUCGXCGACGAAGUCGC
4P3U_D,928,GCGUCUCGXCGACGAAGUCGC
6UGI_A,929,GGAGCGGGCGGGUUCGAGUCCCGUCCGUUCC
1QET_A,930,GGAUGUCC
1QET_B,931,GGAUGUCC
2L94_A,932,GGGAAGAUCUGGCCUUCCCACAAGGGAAGGCCAGGGAAUCUUCCC
1K4A_A,933,GGUUCAGAAGAACC
1LNT_A,934,GCGUCAGGUCXG
1LNT_B,935,CGGAAGCAGXGC
5DHC_C,936,ACUUAAGUCU
5DHC_D,937,ACUUAAGUCU
6YMC_A,938,UCUCUGGUUAGGAAACUAACUAGGGA
1ZX7_C,939,GUGGUGAAGUCGCGG
1ZX7_D,940,CGCGUCACACCACC
1ZX7_E,941,GUGGUGAAGUCGCGG
1ZX7_F,942,CGCGUCACACCACC
2M1O_A,943,GGGUGUA
2M1O_B,944,AGCACCC
1ICG_A,945,GCUUCGGC
1ICG_B,946,GCUUCGGC
3PDR_X,947,GGGCUUCGUUAGGUGAGGCUCCUGUAUGGAGAUACGCUGCUGCCCAAAAAUGUCCAAAGACGCCAAUGGGUCAACAGAAAUCAUCGACAUAAGGUGAUUUUUAAUGCAGCUGGAUGCUUGUCCUAUGCCAUACAGUGCUAAAGCUCUACGAUUGAAGCCCA
3D0M_X,948,GUGGUCUGAUGAGGCC
5LSN_A,949,CCUCGUGGUGGUUGUGAACCACCAUGUGG
3R1D_E,950,GCXGCGGCGGC
7BPF_A,951,GCUGCXG
2TOB_A,952,ACUUGGUUUAGGUAAUGAGU
1I3X_A,953,GGCUGGCUGUUCGCCAGCC
1MFK_A,954,GGCGGUUGCAGGUCUGCACCGCC
6I1W_A,955,UCAGXCAGU
6I1W_B,956,ACUGACUGA
8UYS_A,957,GGACACGAGUAACUCGUCUAUCUUCUGCAGGCUGCUUACGGUUUCGUCCGUGUUGCAGCCGAUCAUCAGCACAUCUAGGUUUCGUCCGGGUGUGACCGAAAGGUAAGAUGGAGAGCCUUGUCCC
5U3G_B,958,GUGACUAGGGUUCCGGCGAAAGCCGGUCCGAGAGUUACCGACCGCCGAAAGGCGGUUACACGGCGGGAAAAAAGCCCGGGAGGA
2K5Z_A,959,GGUCUACAUUGCUGUUGUCGUGUGUGACC
5M0H_A,960,GAUAACUGAAUCGCUAAGGAUGAAAGUCUAUGCGACAUUAUC
2MQT_A,961,GGGCGAGGGUCUCCUCUGAGUGAUUGACUACCCGUCAGCGGGGGUCUUUCAUUUGGGGGCUCGUGCCC
4A4U_A,962,GGACCCGGCUGACGCUGGGUCC
2EVY_A,963,GGUAUGCUAGUACC
2MN0_A,964,GGAGAGXGGAACUCC
406D_A,965,CACCGGAUGGUXCGGUG
406D_E,966,CACCGGAUGGUXCGGUG
1HS4_A,967,GCGUUAAAUCGCA
5N5C_A,968,AUUCCUUAAAUUAAGGAGU
333D_A,969,CGCAIGCG
6EZ0_A,970,GGAGCGGGGGXGXAAACCXAXCGCXCC
1LUU_A,971,CCAGAXUXAAXAUXUGG
1F5G_A,972,GCAGGCGUGC
1F5G_B,973,GCAGGCGUGC
4Y1M_B,974,GAUUUGGGGAGUAGCCGAUUUCCGAAAGGAAAUGUACGUGUCAACAUUUUCGUUGAAAAACGUGGCACGUACGGACUGAAGAAAUUCAGUCAGGCGAGACCAUAUCC
1KPZ_A,975,UCCGGUXGACUCCGGAGAAACAAAGUCA
2LBK_A,976,GGGACCUUCCCGGUCUC
7LYF_A,977,GCCCGGAUAGCUCAGUCGGUAGAGCAGCGGAGCUGUUAGUCUACGUGGACCGACAAAGACAGAUUCUUUGAGGGAGCUAAGCUCAACGUAGUUCUAACAGCUCCGCGGGUCCAGGGUUCAAGUCCCUGUUCGGGCGCCA
5DHB_A,978,UACA
5DHB_B,979,UACA
1XWP_A,980,GGAGAUCGCACUCCA
1IE2_A,981,GGCCGAAAUCCCGAAGUAGGCC
4P3T_A,982,UUGCGUCCCGXCGACGAAGUCGC
4P3T_B,983,UUGCGUCCCGXCGACGAAGUCGC
1KAJ_A,984,GGCGCAGUGGGCUAGCGCCACUCAAAAGCCCG
2P89_A,985,GGCCUUAGGAAACAGUUCGCUGUGCCGAAAGGUC
2JYF_A,986,GGGAUAUGGAAGAACCGGGGAAACUUGGUUCUUCCUAAGUCCU
1N8X_A,987,GGACUCGGCUUGCUGGAGACGGCAAGAGGCGAGUCC
7PTK_A,988,GGGAGAGUACUAUUCAGAUGCAGACCGCAAGUUCAGAGCGGUUUGCAUCUAGGGUACGUUUUCGAACGUAUCCUCCGACUAAGUGUAUUCGUAUACUUAGUGCCUUGUGCCUGCUUCGGCAGGCAUGACCCAAAUGUGCCUUUCGGGGCACAUUUCCGGUCAUCCAAGUUCGCUUGGGUGAUGCGGGCGUAUAGGUUCGUCUAUACGUCCGCGUUUUCCGAGAAGAGGUAACUCGGGAAACCGGUCCACGUGACAAAGGUAGAGUUACGUGGAGGGAGCAGCUGCAAAGGGAUAAUGCAGUUGCUGGCUGGAUGCCAGAACUCACGACUGGCAUCUACGGGGAUGGUGCUCUCCCAAUUCUCCAUUUACCGCCGAAUCGACCCCAACGUGAGAGGGGUCGGUUCCCCGAGCAUAGACCAAUAUCCCAGGUUUAUGCUCCCCAACGCUGGACGAACUACCUACGUCUAGCGUUCCGGCAAAUGAGUCAAUACCUCAGACUUAUUUGCGGUGCCUGAGCCUAAACUGAACAUGGGUUCAGGCAUCUUGGCUCCAGUUCGCUGGAGCCGACGGUAGCGCUGCGUUCGCGCAGUGCUAGGGAGCAUCCGUUUUCGAGCGGAUGCUGGGCGGUUGCCUGUUCGCAGGCAAUCGGGCCUACUCAUGAUUCGUCAUGAGUGGUGACAGCGUGAUGUUCGCAUUACGCUGUCGGGUAGAUGGAGAAUU
1Y26_X,989,CGCUUCAUAUAAUCCUAAUGAUAUGGUUUGGGAGUUUCUACCAAGAGCCUUAAACUCUUGAUUAUGAAGUG
2KYE_A,990,GAGAGXXGGGCXCXC
8FZA_A,991,UUGGGUUCCCUCACCCCAAUCAUAAAAAGG
2O32_A,992,CUCXXCCXUUUXGCUAAXA
2HNS_A,993,GGCGUGAUCAAGUGAUCGCGCC
1AM0_A,994,GGGAAGAAACUGUXXXXXXXXXXXXXXAGC
2KVN_A,995,GGUGAUUGAGUUCACCA
3GVN_A,996,GGUGAGG
3GVN_B,997,CCUCACC
1Q96_A,998,GGUGCUCAGUAUGAGAAGAACCGCACC
2MXK_A,999,GCAGGCCCA
2MXK_B,1000,UGGGAGUGCA
1NUV_A,1001,CGGACCGAGCCAG
1NUV_B,1002,GCUGGGAGUCC
1YNG_A,1003,GGAUAUAUGAUAUAAUUUGAUCAGUAUAUCC
1FL8_A,1004,UCAGACUXUUXAXCUGA
4PQV_A,1005,GGGUCAGAUCGGCGAAAGUCGCCACUUCGCCGAGGAGUGCAAUCUGUGAGGCCCCAGGAGGACUGGGU
5ML7_B,1006,GGGUCGCCGAUGUGCAGCAUAGGUAGGAGACACUACACAGGUACCCGCGCUAGCGGGCCACCGAGUCAACAGUGAAAUACUACCCGUCGGUGACC
4PLX_A,1007,GAAGGUUUUUCUUUUCCUGAGGCGAAAGUCUCAGGUUUUGCUUUUUGGCCUUUCUUAAAAAAAAAAAAAGCAAA
2JR4_A,1008,CCUCCCUUACAAGGAGG
8D28_A,1009,GGCGAUACCAGCCGAAAGGCCCUUGGCAGCGCC
2L9E_A,1010,GCAGACUXUUXAUCUGC
3P4D_B,1011,CXCXGXG
2LPA_A,1012,GAGGACAUAGUCUUC
5L4O_A,1013,AGCGGGGXGGAGCAGCCUGGXAGCUCGUCGGGXUCAUAACCCGAAGAUCGUCGGXXCAAAUCCGGCCCCCGCUACC
1XSH_A,1014,GGAAGCUCGGUCUUCGGACCGGCUUCC
1J9H_A,1015,GUGUCGXAC
1J9H_B,1016,GUGUCGXAC
4RZD_A,1017,AGCAACUUAGGAUUUUAGGCUCCCCGGCGUGUXXCGAACCAUGCCGGGCCAAACCCAUAGGGCUGGCGGUCCCUGUGCGGUCAAAAUUCAUCCGCCGGAG
1H1K_I,1018,AAAAAAAAAAAAAAAAAAAAAAAAAAAAAAAAAAAAAAAAAAAAAAAAAAAAAAAAAAAAAAAAAAAAAAAAAAAAAAAAAAAAAAAAAAAAAAAAAAAAAAAAAAAAAAAAAAAAAAAAAAAAAAAAAAAAAAAAAAAAAAAAAAAAAAAAAAAAAAAAAAAAAAAAAAAAAAAAAAAAAAAAAAAAAAAAAAAAAAAAAAAAAAAAAAAAAAAAAAAAAAAAAAAAAAAAAAAAAAAAAAAAAAAAAAAAAAAAAAAAAAAAAAAAAAAAAAAAAAAAAAAAAAAAAAAAAAAAAAAAAAAAAAAAAAAAAAAAAAAAAAAAAAAAAAAAAAAAAAAAAAAAAAAAAAAAAAAAAAAAAAAAAAAAAAAAAAAAAAAAAAAAAAAAAAAAAAAAAAAAAAAAAAAAAAAA
1H1K_L,1019,UUUUUUUUUUUUUUUUUUUUUUUUUUUUUUUUUUUUUUUUUUUUUUUUUUUUUUUUUUUUUUUUUUUUUUUUUUUUUUUUUUUUUUUUUUUUUUUUUUUUUUUUUUUUUUUUUUUUUUUUUUUUUUUUUUUUUUUUUUUUUUUUUUUUUUUUUUUUUUUUUUUUUUUUUUUUUUUUUUUUUUUUUUUUUUUUUUUUUUUUUUUUUUUUUUUUUUUUUUUUUUUUUUUUUUUUUUUUUUUUUUUUUUUUUUUUUUUUUUUUUUUUUUUUUUUUUUUUUUUUUUUUUUUUUUUUUUUUUUUUUUUUUUUUUUUUUUUUUUUUUUUUUUUUUUUUUUUUUUUUUUUUUUUUUUUUUUUUUUUUUUUUUUUUUUUUUUUUUUUUUUUUUUUUUUUUUUUUUUUUUUUUUUUUUUUU
2LBJ_A,1020,GGGCCUUGCCAAGGUCC
4QJD_D,1021,UAAAUGAUAUAGCCGGUCCCAAGCCCGGAAAAAGGAGGAGGGUAUA
8QO5_A,1022,UCGUUGACAGGACACGAGUAACUCGUCUAUCUUCUGCAGGCUGCUUACGGUUUCGUCCGUGUUGCAGCCGAUCAUCAGCACAUCUAGGUUUCGUCCGGGUGUGACCGAAAGGUAAGAUGGAGAGCCUUGUCCCUGGUUUCAACGA
3SUX_X,1023,GGACAGAGUAGGUAAACGUGCGUAAAGUGCCUGAGGGACGGGGAGUUGUCCUCAGGACGAACACCGAAAGGUGGCGGUACGUUUACCGCAUCUCGCUGUU
1NUV_E,1024,CGGACCGAGCCAG
1NUV_F,1025,GCUGGGAGUCC
2LPT_A,1026,GAGCCGUGUGCGAUGAAAGUCGCAAGCACGGUUC
7JRR_A,1027,GACGGGAGCUGAACCAUCCAGCGAAGAACGUCCCGACGGAUGGUUCGUCG
3R1C_E,1028,GCGGCGGC
3R1C_F,1029,GCGGCGGC
2KRY_A,1030,CGGGCCXAUACCCCGA
2H49_A,1031,GGCUAAGAC
2H49_B,1032,GUCGAAGCC
7KUN_A,1033,ACUUAAGUC
7KUN_B,1034,ACUUAAGUC
1H1K_K,1035,AAAAAAAAAAAAAAAAAAAAAAAAAAAAAAAAAAAAAAAAAAAAAAAAAAAAAAAAAAAAAAAAAAAAAAAAAAAAAAAAAAAAAAAAAAAAAAAAAAAAAAAAAAAAAAAAAAAAAAAAAAAAAAAAAAAAAAAAAAAAAAAAAAAAAAAAAAAAAAAAAAAAAAAAAAAAAAAAAAAAAAAAAAAAAAAAAAAAAAAAAAAAAAAAAAAAAAAAAAAAAAAAAAAAAAAAAAAAAAAAAAAAAAAAAAAAAAAAAAAAAAAAA
1H1K_N,1036,UUUUUUUUUUUUUUUUUUUUUUUUUUUUUUUUUUUUUUUUUUUUUUUUUUUUUUUUUUUUUUUUUUUUUUUUUUUUUUUUUUUUUUUUUUUUUUUUUUUUUUUUUUUUUUUUUUUUUUUUUUUUUUUUUUUUUUUUUUUUUUUUUUUUUUUUUUUUUUUUUUUUUUUUUUUUUUUUUUUUUUUUUUUUUUUUUUUUUUUUUUUUUUUUUUUUUUUUUUUUUUUUUUUUUUUUUUUUUUUUUUUUUUUUUUUUUUUUUUUUUUUUU
3OXE_A,1037,GCUCUGGAGAGAACCGUUUAAUCGGUCGCCGAAGGAGCAAGCUCUGCGGAAACGCAGAGUGAAACUCUCAGGCAAAAGGACAGAGU
2OOM_A,1038,GGAGCCUGGGAGCUCC
2N0R_A,1039,CUGAGCUCGAAAGAGCAAUGAUG
5HNJ_A,1040,GUAXGUAC
5HNJ_B,1041,GUAXGUAC
2AGN_D,1042,CCCGGGGCCCGGGG
2RN1_A,1043,GAGCCCUGGGAGGCUC
1A51_A,1044,GGCCGAUGGUAGUGUGGGGUCUCCCCAUGCGAGAGUAGGCC
1J6S_A,1045,GAGGU
7UMD_A,1046,GGACGUGGACCGACUUCGGUCGGAAGGAAACUUAACGUCC
3MJA_B,1047,GGUUAUUCAGAUUAGGUAGUCGAAUGACC
6NOA_A,1048,GGCAGUAUAGUCCGAACUGCAAAUCUUAUUUUCUUUUCACCUUCUCUCUAACUGCC
17RA_A,1049,GGCGUAAGGAUUACCUAUGCC
7RQ5_A,1050,AUCCAGAAACGGAUGGAUA
7QUA_A,1051,CGCGXAUUAGCG
1K5I_A,1052,GGACCCGGGCUCAACCUGGGUCC
1QES_A,1053,GGAGUUCC
1QES_B,1054,GGAGUUCC
8THV_A,1055,GGCAGAUCUGAGCCUGGGAGCUCUCUGCC
6YL5_I,1056,GGUXACAACGGCUUCCUGGCGUGACC
8FCS_A,1057,GGAGAGGAGGCAAGAUGCUGGCAUAGCUGUUGAACUGGGAACCUGCUAUGCCAACAUAUUGCCAUCUUUCC
5KH8_A,1058,GGCGAUGGUGUUCGCCAUAAACGCUCUUCGGAGCUAAUGACACCUAC
3MEI_A,1059,CCGCCGCGCCAXGCCUGUGGCGG
3MEI_B,1060,CCGCCGCGCCAXGCCUGUGGCGG
1GUC_A,1061,GAGGUCUC
1GUC_B,1062,GAGGUCUC
1ROQ_A,1063,GGUAUCACGGUACC
6WLT_A,1064,GGUCCGUUGAAGACUGCAGGAGAGUGGUUGUUAACCAGAUUUUAACAUCUGAGCCAAAUAACCCGCCGAAGAAGUAAAUCUUUCAGGUGCAUUAUUCUUAGCCAUAUAUUGGCAACGAAUAAGCGAGGACUGUAGUUGGAGGAACCUCUGGAGAGAACCGUUUAAUCGGUCGCCGAAGGAGCAAGCUCUGCGCAUAUGCAGAGUGAAACUCUCAGGCAAAAGGACAGAGGA
2MNC_A,1065,CCGUUGAAUCUCACGG
4P97_A,1066,CGUCUACCCACCUCGC
4P97_B,1067,CGAGAGGACGG
6SVS_A,1068,GAAGGUUUUUCUUUUUCCUGAAGGCGAAAGUCUUCAGGUUUUUCUUUUUGGCCUUUCUUAAAAAAAAAAAAAGAAAA
2L8C_A,1069,CCGCUGCGG
2L8C_B,1070,CCGCUGCGG
1KD5_A,1071,GGUCACAGCCC
1KD5_B,1072,GGUCACAGCCC
7UR5_A,1073,GGAGGGGAACUUCUAUCUXGGUGAUAGACGGGAACUCUAAAUUCCUUGAAAUGCCUCGCCGCAUUXXGGGUUCGAUUCCCXXUUCCCCUCCGCCA
1FQZ_A,1074,GCCGAGUAGUGUUGGGUCGCGAAAGGC
2IRO_A,1075,GCGGAUGCU
2IRO_B,1076,GCGGAUGCU
3T4B_A,1077,GCUAAGGGGGAAACUCUAUGCXXXXXXXXXXXXXXXXXXXXXXXXXXXXXXXXXXXXXXXXXXXXXXXXXXXXXXXXXXXXXXXXXXXXXXXXXXXXXXXXXXXXXXXXXXXXXXXXXXXXXXXCCUCCCGGGAGAGCCXXXXXXXXXXXXXXXXXXXXXXXXXXXXXXXXXXXXXXXXXXXXXXXXXXXXXXXXXXXXXXXXXXXXXXXXXXXXXXXXXXXXXXXXXXXXXXXXXXXXXXXXXXXXXXXXXXXXXXXXXXXXXXXXXXXXXXXXXXXXXXXXXGGUACUGCCUGAUAGGGUGCUUGCGAGUGCCCCGGGAGGUCUCGUAG
3SKI_A,1078,GCCUUAUACAGGGUAGCAUAAUGGGCUACUGACCCCGCCUUCAAACCUAUUUGGAGACUAUAAGGU
2M4Q_1,1079,GGCGUCACACCUUCGGGUGAAGUCGCC
1OQ0_A,1080,GAGAGUUGGGCUCUC
1NBR_A,1081,GGAGUGCUUCAACAGUGCUUGGACGCUCC
1P5M_A,1082,GGCUGUGAGGAACUACUGUCUUCACGCCUUCGGGAGUGUCGUGCAGCCUCCAGCC
4RJ1_B,1083,UGGGGU
2KPV_A,1084,GGAGGUAGUAGGUCGAAAGACCGUUCUACACUCC
6MJ0_B,1085,AAGUUCUCGAUCUUUAAAAUCGUUAGCUCGCCAGUUAGCGAGGUCUGCGAAAGCAGAUAAUCGGGUGCAACUCCCGCCCUUUCUCCGAGGGUCAUCGGAAC
8I43_A,1086,GGACGCUUUCGAGCCGUCC
2L2J_A,1087,GGUAAGGUGGGUGGAAUCCUUCGGGAUCCCACCUACCCUGCC
1YG3_A,1088,AGUGGXGCCGACCACUUAAAAACACCGG
1CQL_A,1089,GGCGUUUACCAGGUCAGGUCCGGAAGGAAGCAGCCAAGGCGCC
2KRP_A,1090,CUCGGCUACGAACCGAG
4P3U_A,1091,GCGUCUCGXCGACGAAGUCGC
4P3U_B,1092,UGCGUCUCGXCGACGAAGUCGC
5LQT_A,1093,GXCGGXCGGC
5LQT_B,1094,GXCGGXCGGC
7EOG_A,1095,GCGCACUGGCGCUGCGCCUUCGGGCGCCAAUCGUAGCGUGUCGGCGCC
1BZU_A,1096,UCAGACUUUUAAXCUGA
1JOX_A,1097,GGCGGUGCUGAGAUGCCCGUC
2JRQ_A,1098,CCUCCCUXACAAGGAGG
4O41_C,1099,GAGCXXCGGCUC
4O41_D,1100,GAGCXXCGGCUC
1RAU_A,1101,UGGGGU
4E59_A,1102,GCCGCCGC
4E59_B,1103,GCCGCCGC
2PN3_A,1104,CGGAGGAACUACUGUCUUCACGCC
2PN3_B,1105,GCGXGUCGUGCAGCCXCCGG
359D_A,1106,UGGUGXXXXCXXXXXXXXXUXXXXXXXXXGXXXXXXXXXAXXXXXXXXXUXXXXXXXXXGXXXXXXXXXAXXXXXXXXXXGGCC
359D_B,1107,ACCACXXXXXXXXXXXXXXXGUAAXXXXXXXXXXXXXXXXXXXXXXXXXXXXXXXXXXXXXXXXXXXXXXXXXXXXXXXXXXXXXXXXXXXXXXXXXXXXCCGGXXXXXGXXXXXXXXXAXXXXXXXXXAXXXXXXXXXXACUCXXXXXXUGAGXXXXXC
8SX5_A,1108,ACUUAAGUCG
8SX5_B,1109,ACUUAAGUCG
2F4X_A,1110,GGUUGCUGAAGCGCGCACGGCAAC
2F4X_B,1111,GGUUGCUGAAGCGCGCACGGCAAC
7LJY_B,1112,GGGUACUCUUUUCUUUGUCAUGGUUUUCUCAGGCGAAAGUCUGAGUUUUUACAUGACAAAGUUUUUAACGAGGCCC
6WLM_A,1113,GGAAUCGGAUGAAGAUAUGAGGAGAGAUUUCAUUUUAAUGAAACACCGAAGAAGUAAAUCUUUCAGGUAAAAAGGACUCAUAUUGGACGAACCUCUGGAGAGCUUAUCUAAGAGAUAACACCGAAGGAGCAAAGCUAAUUUUAGCCUAAACUCUCAGGUAAAAGGACGGAG
1C2X_C,1114,UGCCUGGCGGCCGUAGCGCGGUGGUCCCACCUGACCCCAUGCCGAACUCAGAAGUGAAACGCCGUAGCGCCGAUGGUAGUGUGGGGUCUCCCCAUGCGAGAGUAGGGAACUGCCAGGCAU
8AMI_A,1115,AUGUGGCAU
8AMI_B,1116,AUGUGGCAU
1LC6_A,1117,GGUUCCCCUGCAUAAGGAUGAACC
3R1E_A,1118,GCXGCGGC
3R1E_B,1119,GCXGCGGC
4XW0_A,1120,GCCUXCCUGC
4XW0_B,1121,GCCUXCCUGC
2AGN_C,1122,GCUGUGAGGAACUACUGUCUUCACGCAGAAAGCGUCUAGCCAUGGCGUUAGUAUGAGUGUCGUGCAGCCUCCAGCC
2JUK_A,1123,GGCCUUCCCACAAGGGAAGGCC
2MVS_1,1124,GGXCUAGUCC
2MVS_2,1125,GGXCUAGUCC
2M57_A,1126,GGAGCCGUAUGCGGUAGUUCCGCACGUACGGAUCU
1R7W_A,1127,GGAGGACAUCCCUCACGGGUGACCGUGGUCCUCC
1Q8N_A,1128,GGAUCCCGACUGGCGAGAGCCAGGUAACGAAUGGAUCC
8T2P_A,1129,GACCAAUCUGCCCUCAGAGCUCGAGAACAUCUUCGGAUGCAGAGGAGGCAGGCUUCGGUGGCGCGAUAGCGCCAACGUCCUCAACCUCCAAUGCAUCCCACCACAUGAUGAUGCCUGAAGAGCCUUGGUUUUUUG
6PMO_A,1130,AAGUGGGUGCGCGUUXGGCGCAUCXACUCGGGUGGAACCGCGGGAGCUXXGCUCUCGUCCCGAG
4RBZ_A,1131,CGCGXXUUAGCG
8SP9_A,1132,GCCCGGAUAGCUCAGUCGGUAGAGCAGCGGUAAAACAGCCUGUXXXXXXXXXXXXXXXACAGGGCCCAUUGGGCGCUAGCACUCUGGUAUCACGGUACCUUUGUGCGCCUGUUUUACCGCGGGUCCAGGGUUCAAGUCCCUGUUCGGGCGC
7SXP_A,1133,UGUGGGAXGGGCGGGUCUGGGA
2JWV_A,1134,GAUACUUGAAACUGUAAGGUUGGCGUAUC
2KHY_A,1135,GGGAUCACAAGUAGGACUUCGGUCCGAAUACAGAUCUC
2LP9_A,1136,GAGGACAUAGAUCUUC
2DD1_A,1137,GGUGGAGGCU
2DD1_B,1138,GCCGAAACC
1MDG_A,1139,UXAGGU
1HLX_A,1140,GGGAUAACUUCGGUUGUCCC
1R7Z_A,1141,GGAGGACAUUCCUCACGGGUGACCGUGGUCCUCC
1NTS_A,1142,AAAGGAGGA
1ZIH_A,1143,GGGCGCAAGCCU
6XB7_A,1144,GGAUCAAUAGCAGGUGUGGCACACCAGUCAUACCUUGAUCC
6XXB_A,1145,GGAAAUUAUAUUAAUUUCC
7KVU_G,1146,GGAAGAUACAAGGUGAGCCCAAUAAUAUGGUUUGGGUUAGGAUAGGAAGUAGAGCCUUAAACUCUCUAAGCGGUAUCUUCCC
4PHY_A,1147,CGUGCUCCCCACCUCGGAUCACUGCG
4PHY_B,1148,GCAGGAACCGAGAGGCACGC
2NBX_A,1149,GGGGCUGAAGGAUGCCCAGAAGGUACCCCAUUGUAUGGGAUCUGAUCUGGGGCCUCGGUGCACAUGCUUUACAUGUGUUUAGUCGAGGUUAAAAAACGUCUAGGCCCC
1T0E_A,1150,GGUGGUGAAGUCGCUCGG
1T0E_C,1151,CGAGCGUCACACCACCC
2MI0_B,1152,GCGGCAGUUGACUACUGUCGC
6N8H_A,1153,CGGGCAUCCG
6N8H_B,1154,CGGGCAUCCG
2KYD_A,1155,CUAGUUAGCUAACUAG
2KYD_B,1156,CUAGUUAGCUAACUAG
4OQU_A,1157,GGAUCACGAGGGGGAGACCCCGGCAACCUGGGACGGACACCCAAGGUGCUCACACCGGAGACGGUGGAUCCGGCCCGAGAGGGCAACGAAGGUCCGA
1K6G_A,1158,GGCGUCAUGAGUCCAUGGCGCC
2KRQ_A,1159,CUCGGCUICGAACCGAG
1BVJ_A,1160,GGCGACGGUGUAAAAAUCUCGCC
6N5P_A,1161,GUUGCCGAAUCCAUGUCGUUUGGUACGGAGGAACCGCUUUUUGGGGUUAAUCUGCAGUGAAGCUGCAGUAGGGAUACCUUCUGUCCCGCACCCGACAGCUAACUCCGGAGGCAAUAAAGGAAGGAG
1KOS_A,1162,CUGUGXUCGAUXCACAG
2MFD_A,1163,GGCGUUCGCUUAGAACGUC
1BGZ_A,1164,GGGAUACUGCUUCGGUAAGUCCC
4FEN_B,1165,GGACAUAUAUACGCGUGGAUAUGGCACGCGAGUUUCUACCGGGCACCGUAAAUGUCCGACUAUGUCC
7JNH_B,1166,GGGCUGAGUUUUUACAUGACAAAGUUUUUAACGAGGCAGCGGCGAAAGUCGCUGUACUCUUUUCUUUGUCAUGGUUUUCUCAGCC
1BZT_A,1167,UCAGACUUUUAAXCUGA
4U3L_A,1168,UCGUACGA
4U3L_B,1169,UCGUACGA
176D_B,1170,GAGUUC
6W3M_A,1171,GGUUUGUUUGAAUAGAGAGCAGAUCUCUGGAAAAAUGAACC
1K4B_A,1172,GGUUCAGUUGAACC
7EDT_A,1173,GGCXXXXAACCGGGGAGCC
7EDT_B,1174,GGCXXXXAACCGGGGAGCC
7Q48_A,1175,GGGCCAUUGGGUGGGAUCUGGG
6C63_A,1176,GCGUACGAAGGAGAGGAGAGGAAGAGGAGAGUACGC
7PS8_A,1177,CAGGGAGGUGUGGCCUGGGCGGG
7QA2_A,1178,GGGCCAUGGGGUGGGAGCUGGG
1NTA_A,1179,GGAUCGCAUUUGGACUUCUGCC
1NTA_B,1180,CGGCACCACGGUCGGAUC
1MY9_A,1181,GGAGGUUUUGGAGG
7ECK_I,1182,GGACUXGAAUCC
7ECK_J,1183,GGACUXGAAUCC
4PCO_A,1184,GGUGGCUGUU
4PCO_B,1185,GGUGGCUGUU
353D_A,1186,AUCCCCCGUGCC
353D_B,1187,GGUGCGGGGGAU
6CK5_A,1188,GUGAAAGUGUACCUAGGGUUCCAGCCUAUUUGUAGGUGUUCGGACCGAGCGGUACAGGUAUAUUXXXAUAUACCACACCUUAGGGACAAAAGCCCGGGAGGAUAGGUUUCA
6VAR_A,1189,GGUUCAUGUCCUACUGUUCAAGCCUCCAAGCUGUGCCUUGGGUGGCUUUGGGGCAUGGACC
3GM7_G,1190,CUGCUGCUGCUGCUGCUG
3GM7_H,1191,CUGCUGCUGCUGCUGCUG
3TZR_A,1192,CGAGGAACUACUGUCUUCCC
3TZR_B,1193,GGUCGUGCAGCCUCGG
2KXM_A,1194,GGCUGCUUGUCCUUUAAUGGUCCAGUC
6DME_A,1195,GAAGUGUACCUAGGGAUCCACCUCGAGAGAGGAAGGACCAAGCGGUACAGGCCUACUUCGGUAGGUUACACCGUGGGGAUAAAAGACCCGUGGCAAGUUU
5LR3_A,1196,GXCGGAUGGC
5LR3_B,1197,GXCGGAUGGC
2AGN_B,1198,GCGCUCAAUGCUCXXXXGAGACGACCGCC
464D_A,1199,UAGCUCC
464D_B,1200,GGGGCXA
5VH7_A,1201,GACCAGCAGCAGGUC
5VH7_B,1202,GACCAGCAGCAGGUC
1ANR_A,1203,GGCAGAUCUGAGCCUGGGAGCUCUCUGCC
1D4R_A,1204,GUGACCUCCCGGGAGCGGGGGACCACU
1D4R_B,1205,GUGACCUCCCGGGAGCGGGGGACCACUA
7K4L_A,1206,GGAGUGGUUAGUCUACGUUUCGACGUAGUUCUAACC
6E8S_A,1207,GCUACGAAGGAAGGAUUGGUAUGUGGUAUAUUCGUAGC
6PMO_B,1208,GCGGAAGUAGUUCAGUGGUAGAACACCACCXXXXXXAAGGUGGGGGUCGCGGGUUCGAAUCCCGUCUUCCGCUCCA
5TDJ_A,1209,CCGGCGCCGG
6JQ6_U,1210,UUACUGUGAGAAUCAGUAACAAACAUGUGGGGCUUAUAUCUAAUCUUCGGAUUAGUAUUAGUGCAGACGUUAAAACCAUGU
1EJZ_A,1211,CGCUACGC
2JXQ_A,1212,GCAGAGAGCG
2JXQ_B,1213,CGCUCUCUGC
1D0T_A,1214,GGGXUCXCCXUUXGGGXUCUC
1P79_A,1215,GUGGU
2N6X_A,1216,GGUGAGUACGUAGAGUAUACUUCGGUAUACUUAUAUACUUACC
4A4T_A,1217,GGACCCGGCUUACGCUGGGUCC
7A3Y_A,1218,GCAGCUCGUCCUG
7A3Y_B,1219,CAGGAUAGCUGC
2O83_A,1220,GGXGAXCCA
2O83_B,1221,GGXGAXCCA
3CGR_A,1222,GCGCGGXAGUGC
3CGR_B,1223,CGCACUAACCGCG
1SDR_A,1224,UAAGGAGGUGAU
1SDR_B,1225,AUCACCUCCUUA
6JQ5_A,1226,UUACUGUGAGAAUCAGUAACAAACAUGUGGGGCUUAUAUCUAAUCGAAAGAUUAGUAUUAGUGCAGACGUUAAAACCAUGUC
6JQ5_B,1227,UUACUGUGAGAAUCAGUAACAAACAUGUGGGGCUUAUAUCUAAUCGAAAGAUUAGUAUUAGUGCAGACGUUAAAACCAUGU
2Q1O_C,1228,CGCXAAUUGGCG
2Q1O_D,1229,CGCXAAUUGGCG
2O3Y_A,1230,UGCGUCGCUCCGGAAAAGUCGC
2O3Y_B,1231,GCGUCGCUCCGGAAAAGUCGC
6UFJ_C,1232,ACUCGUUUGAGCGAGUAUAAACAGCUGGUUAAGCUCAAAGCGGAGAGCAG
2RP1_A,1233,UCCGGUXGACUCCGGAGAAACAAAGUC
2KGP_A,1234,GGCAGUGUGAGUACCUUCACACGUC
2I7Z_B,1235,GGGAUAUGGAAGAACCGGGGAAACUUGGUUCUUCCUAAGUCCU
6D3P_A,1236,GGGCGUAACCUCCAUCCGAGUUGCAAGAGAGGGAAACGCAGUCUC
4JAH_A,1237,GUGUAXAC
4JAH_B,1238,GUGUAXAC
6C27_A,1239,GGACAAGUUCCCGAAAGGAUGGCGGAAACGCCAGAUGCCUUGUCCC
6CB3_B,1240,AAAGGGGAGUAGCGUCGGGAAACCGAAACAAAGUCGUCAAUUCGUGAGGAAACUCACCGGCUUUGUUGACAUACGAAAGUAUGUUUAGCAAGACCUUUC
1Y27_X,1241,GAUCAUAUAAUCGCGUGGAUAUGGCACGCAAGUUUCUACCGGGCACCGUAAAUGUCCGACUAUGGU
7LYG_A,1242,GCCCGGAUAGCUCAGUCGGUAGAGCAGCGGUAGCUGUUGAUCUGUGUGAAUCAGACUGCGACAGUUCGAGUUUGAAGCGAAAGCUAGCAACAGUAUCAACAGCUACCGCGGGUCCAGGGUUCAAGUCCCUGUUCGGGCGCCA
2MI0_A,1243,GAGCAGCAUCGUCGGCUGCUCA
7VFT_A,1244,GGGCCAGCAGCAGCAGCAGGUCC
2MXL_A,1245,GGAUUUGCAGGCCUACCAGAAACGGAUGGGAGUGCAGAU
2OJ8_A,1246,GCUGUUGU
1R4H_A,1247,GGGCAAGCCC
4NFQ_A,1248,GCAGXCUUAAGUCUGC
4E5C_A,1249,GGCGGCGGCGGCUGCUGCC
4E5C_B,1250,GGCGGCGGCGGCUGCUGCC
2MS5_A,1251,CCGCAGCGG
2MS5_S,1252,CCGCAGCGG
5LR5_C,1253,GGXCUAGUXC
5LR5_D,1254,GGXCUAGUXC
2KOC_A,1255,GGCACUUCGGUGCC
5VJ9_C,1256,GCGGGGACGACCCUGC
8FER_A,1257,AGAGAAGXXCUUCUCU
1G2J_A,1258,CCCXGGGG
8UPT_A,1259,GGGGGACXXGGUCXCXGGXCXGACCAGCGGGUCUCUAAAACCUAGCCXAGCGGGGUUCGACGCCCCGGUCUCUCGCCA
6I1V_A,1260,UCACXGAGU
6I1V_B,1261,ACUCAGUGA
5UZT_A,1262,GGUGUUGACUGUUGAAUCUCAUGGCAACACC
2KTZ_A,1263,GGAGGAACUACUGUCUUCCUUCGGGUCGUGCAGCCUCC
5AY2_A,1264,GGACUXGACUCC
5AY2_B,1265,GGACUXGACUCC
4ENC_A,1266,GGGCGAUGAGGCCCGCCCAAACUGCCCUGAAAAGGGCUGAUGGCCUCUACUG
7FHI_A,1267,GGAUGCUUACUCAGCCAUCC
1XHP_A,1268,GAGCAGUUCCCCUGCAUAAGGAUGAACCGUUC
2P7E_A,1269,UCCC
5EW4_A,1270,CCCGGCCCCGGCCCCGGCCC
5EW4_B,1271,CCCCGGCCCCGGCCCCGGCCC
1YSV_A,1272,GGUAACAAUAUGCUAAAUGUUGUUACC
4JRC_B,1273,GAACCCUCUCUUCCGAAGCGAGCCGGGGGCGGUGGGAGCCCGGUGAAGACGGUUCC
5D8T_A,1274,GAAXUCG
5D8T_B,1275,GAAXUCG
6VVJ_A,1276,GUCUCUCUUGUUAGACCAGGUCGAGCCCGGGAGCUCUCUGGCUAGCAAGGAACCCACUGCUUAAGCCUCAAUAAAGCUUGCCUUGAGUGCCUCAAGCAGUGUGUGCCCAUCUCGAGAGXXXXXXXXXXXXXXXXXXXXXXXXXXXXXXXXXXXXXXXXXXXXXXXXXXXXXXXXXXXXXXXXXXXXXXXXXXXXXXXXXXXXXXXXXXXXXXXXXXXXXXXXXXXXXXXXXXXXXXXXXXXXXXXXXXXXXXXXXXXXXXXXXXXXXXXXXXXXXXXXXXXXXXXXXXXXXXXXXXXXXXXXXXXXXXXXXXXXXXXXXXXXXXXXXXXXXXXXXXXXXXXXXXXXAGAUGGGUGCG
2B7G_A,1277,GGAGGCUCUGGCAGCUUUC
1MY9_B,1278,GGAGGUUUUGGAGG
2JRG_A,1279,CCUCCCUXACXAGGAGG
2JSG_A,1280,CCUCCCUUACXAGGAGG
2AU4_A,1281,GGGACGAAGUGGUUGGGCGCUUCGGCGUGUGAAAACGUCCC
4JF2_A,1282,GAACCGCGAAAGCGGUUCCACGACGAUACUUAUUUCCUUUGAUCGUCGUUAUUACUGGCUUCGGCCACAAAGGAGA
3R1C_K,1283,GCGGCGGC
3R1C_L,1284,GCGGCGGC
2AGN_A,1285,GCCGAGUAGUGUUGGGUCGCGAAAGGCC
1Z7F_B,1286,GCAGACUUAAAUCUGC
1Z7F_C,1287,GCAGACUUAAAUCUGC
